# Created by Octave 4.4.1, Fri Apr 12 16:48:39 2019 PDT <chandra@whale>
# name: x
# type: int16 matrix
# ndims: 2
 15001 1
 30
 39
 26
 35
 30
 9
 26
 22
 9
 9
 16
 13
 5
 9
 9
 9
 -2
 -2
 -6
 -2
 5
 -6
 -6
 -6
 -6
 -19
 1
 -23
 -14
 -23
 -19
 -19
 -27
 -34
 -34
 -34
 -27
 -31
 -34
 -44
 -61
 -44
 -40
 -36
 -36
 -40
 -40
 -40
 -34
 -40
 -27
 -44
 -40
 -44
 -48
 -44
 -53
 -48
 -51
 -57
 -68
 -65
 -82
 -78
 -70
 -82
 -85
 -82
 -95
 -102
 -95
 -104
 -112
 -119
 -108
 -108
 -119
 -125
 -129
 -121
 -136
 -133
 -138
 -136
 -150
 -129
 -138
 -142
 -142
 -129
 -136
 -133
 -133
 -121
 -116
 -125
 -108
 -108
 -95
 -87
 -85
 -99
 -87
 -85
 -91
 -74
 -74
 -78
 -51
 -68
 -53
 -65
 -51
 -48
 -48
 -44
 -48
 -44
 -48
 -40
 -48
 -36
 -36
 -36
 -36
 -23
 -34
 -10
 -17
 -14
 -17
 -19
 -19
 -10
 0
 -10
 -2
 9
 0
 9
 18
 16
 30
 26
 33
 33
 35
 35
 50
 47
 52
 43
 56
 43
 52
 50
 52
 52
 50
 52
 60
 56
 60
 69
 64
 77
 73
 81
 81
 67
 77
 56
 64
 73
 56
 52
 69
 64
 52
 56
 52
 50
 39
 33
 33
 26
 16
 22
 18
 13
 5
 0
 -2
 -2
 0
 -14
 -17
 -17
 -40
 -34
 -27
 -40
 -61
 -57
 -48
 -61
 -65
 -61
 -70
 -70
 -61
 -68
 -70
 -85
 -95
 -85
 -102
 -104
 -102
 -104
 -102
 -116
 -108
 -104
 -112
 -108
 -104
 -108
 -116
 -104
 -99
 -95
 -91
 -87
 -99
 -85
 -85
 -74
 -78
 -70
 -78
 -68
 -57
 -65
 -48
 -68
 -78
 -82
 -82
 -74
 -78
 -74
 -68
 -65
 -85
 -74
 -74
 -74
 -68
 -78
 -57
 -61
 -82
 -74
 -65
 -70
 -78
 -61
 -51
 -51
 -40
 -48
 -27
 -23
 -44
 -27
 -10
 -10
 -17
 -6
 5
 1
 16
 22
 1
 9
 16
 9
 -6
 5
 22
 16
 13
 0
 1
 1
 9
 -6
 -27
 -10
 0
 -19
 -34
 -10
 -14
 -27
 -40
 -19
 -19
 -2
 -14
 -27
 -34
 -34
 -34
 -19
 -31
 -14
 9
 -17
 -27
 -19
 -14
 -34
 -40
 -23
 -31
 -27
 -14
 -2
 0
 -27
 -44
 -36
 -19
 -31
 -17
 1
 5
 -17
 -6
 -6
 -19
 -17
 18
 26
 18
 -6
 -6
 -19
 -23
 -14
 -6
 -10
 1
 16
 5
 -23
 -14
 -34
 -34
 -19
 1
 -10
 0
 16
 16
 -36
 -48
 -2
 -19
 -27
 22
 50
 18
 -10
 -2
 -17
 -34
 13
 39
 9
 -14
 -27
 -53
 -95
 -68
 -23
 -6
 -61
 -44
 -27
 -99
 -136
 -99
 -82
 -91
 -99
 -70
 -53
 -102
 -136
 -150
 -129
 -91
 -68
 -61
 -53
 -65
 -133
 -184
 -136
 -44
 -78
 -99
 -85
 -70
 -136
 -125
 -99
 -40
 -65
 -85
 -44
 -40
 -142
 -159
 -48
 13
 -70
 -68
 22
 -27
 -104
 -116
 -17
 5
 -44
 -6
 22
 -65
 -136
 -68
 39
 13
 -40
 26
 1
 -85
 -91
 -17
 67
 22
 16
 16
 16
 -10
 -87
 -34
 94
 81
 -36
 67
 120
 -40
 -112
 56
 86
 -19
 26
 86
 -27
 -48
 77
 30
 -27
 47
 60
 -68
 -40
 67
 64
 -10
 26
 73
 18
 -53
 -51
 64
 98
 77
 50
 84
 5
 -102
 -48
 118
 101
 33
 60
 39
 -34
 -23
 77
 56
 -31
 -10
 0
 -74
 9
 120
 22
 39
 -44
 -129
 -116
 -65
 50
 196
 56
 -36
 0
 -125
 -248
 -23
 103
 -17
 -99
 -48
 -116
 -51
 33
 -27
 -61
 -78
 -206
 -142
 77
 94
 22
 -119
 -214
 -155
 -170
 -167
 56
 118
 -82
 -133
 -193
 -231
 -129
 67
 -34
 -121
 -136
 -189
 -153
 16
 -19
 -87
 -184
 -316
 -197
 101
 84
 43
 -6
 -303
 -286
 -121
 -68
 -51
 -19
 39
 -51
 -221
 -176
 -36
 18
 -85
 -167
 -248
 -136
 1
 166
 84
 -244
 -323
 -235
 -27
 196
 43
 -57
 -68
 -189
 -180
 86
 77
 -119
 -51
 43
 50
 -74
 9
 149
 124
 -44
 -257
 -146
 222
 332
 175
 -70
 -227
 -17
 118
 22
 73
 98
 -176
 -61
 222
 94
 -95
 77
 26
 -119
 -99
 0
 90
 183
 98
 -172
 -155
 -19
 103
 213
 152
 -244
 -163
 254
 84
 -85
 -129
 -19
 186
 50
 -125
 69
 137
 -104
 -51
 98
 -136
 -187
 336
 349
 -221
 -238
 13
 162
 86
 -57
 -176
 50
 213
 50
 -78
 -85
 64
 132
 -14
 -6
 -150
 43
 203
 -61
 -2
 288
 0
 -261
 98
 101
 -221
 -40
 383
 200
 -374
 -204
 341
 243
 -299
 -193
 111
 254
 84
 -102
 -78
 1
 1
 -48
 -68
 -104
 69
 264
 -108
 -493
 -74
 494
 50
 -716
 -155
 430
 -48
 -622
 -255
 302
 281
 -455
 -393
 -95
 -51
 -2
 -31
 -278
 -397
 192
 260
 -527
 -710
 324
 424
 -659
 -693
 196
 638
 -510
 -648
 -68
 390
 -197
 -533
 -333
 73
 332
 -138
 -384
 -291
 35
 137
 -308
 -486
 -193
 434
 -6
 -605
 -393
 522
 137
 -792
 -537
 404
 437
 -489
 -380
 -65
 339
 0
 -405
 -393
 64
 417
 -87
 -459
 -269
 460
 220
 -540
 -482
 341
 562
 -405
 -567
 132
 777
 -155
 -629
 -159
 570
 183
 -329
 -121
 120
 379
 81
 -363
 -316
 566
 407
 -523
 -523
 713
 747
 -571
 -512
 528
 753
 -308
 -425
 128
 794
 234
 -388
 -146
 481
 532
 -53
 -431
 149
 849
 118
 -608
 5
 940
 222
 -625
 -265
 764
 437
 -478
 -363
 536
 679
 -255
 -622
 268
 970
 -121
 -703
 52
 800
 205
 -631
 -282
 872
 322
 -676
 -410
 628
 560
 -459
 -605
 460
 638
 -512
 -614
 230
 740
 -210
 -720
 -155
 821
 52
 -673
 -418
 645
 383
 -680
 -693
 783
 443
 -744
 -601
 630
 556
 -580
 -720
 409
 764
 -567
 -852
 169
 957
 -367
 -986
 -14
 1021
 -312
 -1060
 -146
 1096
 -102
 -1173
 -333
 1004
 -95
 -1043
 -388
 985
 67
 -1158
 -486
 974
 9
 -1213
 -503
 991
 179
 -1173
 -673
 1062
 256
 -1162
 -731
 1104
 390
 -1356
 -682
 1242
 315
 -1464
 -601
 1308
 290
 -1515
 -537
 1342
 137
 -1467
 -435
 1372
 39
 -1509
 -346
 1330
 -129
 -1382
 -214
 1240
 -238
 -1382
 -125
 1287
 -388
 -1352
 47
 1310
 -550
 -1399
 217
 1342
 -737
 -1396
 604
 1223
 -978
 -1237
 1019
 957
 -1318
 -1022
 1457
 532
 -1633
 -459
 1767
 -136
 -1620
 118
 1649
 -557
 -1450
 481
 1457
 -771
 -1207
 838
 1206
 -1037
 -1003
 1253
 930
 -1390
 -520
 1610
 268
 -1420
 -36
 1653
 -265
 -1213
 587
 1415
 -782
 -969
 1130
 1076
 -1156
 -635
 1585
 454
 -1369
 -6
 1870
 -223
 -1513
 681
 1819
 -1060
 -1220
 1670
 1259
 -1752
 -478
 2295
 247
 -1954
 471
 2327
 -795
 -1751
 1538
 1712
 -1679
 -856
 2191
 383
 -1981
 387
 2244
 -971
 -1628
 1529
 1364
 -1896
 -561
 2040
 9
 -1871
 560
 1712
 -1080
 -1314
 1525
 791
 -1743
 -269
 1742
 -482
 -1475
 808
 1032
 -1277
 -659
 1483
 -74
 -1603
 392
 1347
 -1094
 -1037
 1215
 307
 -1522
 73
 1287
 -910
 -1128
 1121
 515
 -1637
 -95
 1330
 -682
 -1343
 994
 536
 -1615
 -218
 1432
 -901
 -1369
 1042
 532
 -1713
 -163
 1236
 -918
 -1158
 998
 234
 -1649
 107
 1172
 -1067
 -1128
 1168
 77
 -1632
 132
 1198
 -1207
 -850
 1042
 -170
 -1301
 426
 675
 -1145
 -495
 1042
 -622
 -1067
 638
 451
 -1301
 -167
 889
 -665
 -931
 936
 47
 -1311
 322
 957
 -1131
 -724
 1104
 -14
 -1141
 115
 936
 -901
 -482
 849
 -70
 -1118
 726
 349
 -941
 175
 947
 -886
 -639
 1144
 18
 -971
 162
 875
 -799
 -150
 923
 -563
 -665
 1168
 -306
 -499
 392
 702
 -859
 -153
 858
 -19
 -669
 230
 696
 -859
 726
 545
 -1260
 539
 698
 -444
 -240
 366
 468
 -673
 379
 230
 322
 -829
 787
 -252
 84
 624
 -869
 781
 226
 -388
 171
 50
 477
 -478
 641
 -291
 730
 -465
 447
 124
 -176
 821
 -969
 1276
 -303
 -214
 583
 162
 217
 -605
 998
 -391
 400
 -516
 824
 -85
 -201
 600
 -869
 1308
 -842
 196
 268
 -240
 468
 -506
 579
 -527
 611
 -495
 220
 30
 -14
 98
 -520
 1249
 -1241
 613
 -129
 -261
 492
 -448
 430
 -767
 834
 -648
 322
 -329
 256
 -150
 -452
 562
 -825
 1011
 -1124
 222
 196
 -184
 -325
 -421
 726
 -782
 56
 -648
 896
 -1046
 200
 -614
 341
 77
 -1311
 817
 -533
 260
 -975
 447
 -499
 124
 -469
 -455
 77
 111
 -272
 -1067
 953
 -1020
 488
 -988
 69
 205
 -629
 -340
 -252
 590
 -1216
 230
 -278
 345
 -1139
 271
 -438
 477
 -567
 -775
 621
 -591
 437
 -1224
 511
 -85
 -31
 -937
 600
 -221
 -136
 -601
 118
 498
 -995
 681
 -1073
 1121
 -937
 -2
 -36
 505
 -676
 -125
 264
 400
 -427
 -676
 849
 -19
 322
 -1475
 1372
 -238
 362
 -952
 651
 345
 60
 -869
 562
 747
 -520
 -442
 396
 1083
 -1250
 528
 -261
 1138
 -1063
 749
 -478
 706
 -374
 353
 -359
 947
 -618
 -116
 400
 736
 -363
 -954
 1347
 -85
 226
 -1009
 1274
 -340
 651
 -971
 868
 124
 579
 -1056
 532
 892
 -36
 -767
 396
 1342
 -799
 -108
 277
 1198
 -1033
 349
 -36
 1070
 -884
 468
 -325
 1100
 -605
 -74
 26
 1089
 -656
 -710
 885
 764
 -986
 -320
 862
 379
 -608
 -782
 1666
 -635
 -6
 -937
 1827
 -924
 -193
 -442
 1444
 -937
 60
 -578
 1670
 -1420
 33
 22
 1279
 -1447
 -427
 760
 851
 -1535
 -506
 1121
 743
 -1926
 -367
 1368
 370
 -1926
 -227
 1593
 -325
 -1413
 -95
 1742
 -1318
 -748
 373
 968
 -1369
 -408
 579
 305
 -1114
 -2
 135
 651
 -1756
 103
 1028
 -223
 -2334
 1389
 960
 -1569
 -1135
 1976
 -291
 -2440
 940
 1232
 -1288
 -1396
 1389
 458
 -1768
 -384
 872
 528
 -1854
 -557
 1565
 -516
 -1271
 -189
 1546
 -1399
 -1152
 1491
 -282
 -1603
 400
 872
 -380
 -2007
 1032
 883
 -438
 -2266
 1151
 1631
 -2158
 -1509
 2439
 458
 -3042
 596
 2323
 -1705
 -1343
 1338
 1436
 -2613
 60
 2188
 -631
 -1990
 1359
 1902
 -2168
 -1067
 2061
 953
 -2572
 285
 2499
 -1454
 -1003
 1372
 689
 -856
 -778
 1565
 192
 -1311
 345
 1963
 -1377
 -1224
 1925
 519
 -1260
 -1012
 2748
 56
 -2732
 1415
 2222
 -2266
 -758
 3033
 -421
 -2736
 2099
 1776
 -1802
 -1505
 3434
 -48
 -2542
 1164
 2473
 -1922
 -1107
 2837
 604
 -2885
 940
 2703
 -1114
 -2413
 2516
 2072
 -3027
 -1148
 4494
 -690
 -3599
 2235
 2333
 -2983
 -108
 2391
 -218
 -2610
 1840
 2018
 -2745
 -825
 2561
 970
 -3435
 607
 2990
 -1862
 -1615
 2272
 791
 -3204
 1049
 2357
 -2345
 -750
 1691
 553
 -2262
 832
 783
 -873
 -272
 166
 994
 -1318
 -601
 926
 675
 -1650
 -771
 2401
 -1284
 -1050
 675
 838
 -1326
 -1016
 2718
 -2419
 -414
 522
 1640
 -2719
 -278
 1695
 -210
 -2007
 -289
 3241
 -2515
 -2381
 2969
 154
 -2062
 -1309
 3366
 -1807
 -1747
 1389
 1376
 -2759
 -512
 3196
 -1718
 -2321
 1970
 974
 -1667
 -1726
 2873
 -10
 -3620
 1514
 3143
 -3629
 -1926
 4090
 -965
 -2334
 970
 1614
 -1192
 -2245
 2476
 715
 -4016
 1474
 2697
 -3276
 -1250
 3349
 -1339
 -1566
 -303
 2833
 -1139
 -3435
 2795
 698
 -2745
 509
 3177
 -3578
 -1071
 3313
 -714
 -1675
 -986
 2996
 -359
 -2440
 800
 2222
 -1382
 -1692
 2554
 -1250
 -155
 953
 -748
 492
 -357
 420
 528
 -461
 -2058
 3771
 -880
 -2555
 1750
 681
 451
 -1220
 -184
 960
 -418
 -82
 770
 -393
 -461
 1338
 -272
 -605
 539
 -136
 458
 -435
 26
 841
 -571
 -172
 698
 977
 -1896
 1389
 -673
 970
 553
 -1717
 1497
 73
 383
 -574
 -472
 815
 570
 -255
 -918
 2269
 -2406
 1712
 -567
 681
 -455
 -822
 2752
 -1692
 -988
 1317
 1823
 -2245
 -14
 1321
 -625
 1028
 -1888
 2276
 -1518
 1045
 205
 -1226
 396
 624
 841
 -2104
 264
 664
 1512
 -2959
 1242
 1665
 -2908
 1042
 866
 -346
 -2172
 1868
 2095
 -3365
 -1532
 4196
 -767
 -4805
 4521
 1121
 -4890
 604
 4427
 -1960
 -4750
 3913
 2673
 -5383
 -1277
 6767
 -3204
 -4639
 4470
 3054
 -6272
 -948
 5793
 -2355
 -4176
 3577
 3071
 -6704
 396
 6211
 -3282
 -5515
 5446
 2473
 -6127
 -554
 6615
 -2664
 -5015
 3836
 3145
 -5977
 260
 5314
 -3000
 -4186
 5212
 1700
 -5838
 175
 5008
 -2007
 -4886
 4351
 2140
 -5217
 -153
 5238
 -3123
 -4244
 3943
 2829
 -4435
 -2643
 5948
 -869
 -5732
 3569
 3883
 -5672
 -1650
 5506
 -937
 -5634
 3773
 3856
 -5607
 -1960
 6779
 -1492
 -6232
 4308
 3645
 -5400
 -1726
 6728
 -2545
 -5134
 4783
 3386
 -6215
 -1462
 6643
 -1424
 -5800
 4345
 4138
 -6361
 -1815
 6524
 -952
 -6066
 4121
 3432
 -4933
 -1396
 5891
 -1739
 -4709
 3836
 2337
 -4639
 -44
 4342
 -1552
 -2830
 2473
 1976
 -4199
 -14
 3773
 -1594
 -2236
 2061
 1606
 -2687
 -663
 3556
 -1464
 -2983
 3050
 2548
 -4724
 -34
 4451
 -846
 -4335
 1483
 3839
 -2946
 -3510
 6346
 -452
 -4843
 2129
 3856
 -3255
 -3282
 4944
 1614
 -5575
 604
 5161
 -1348
 -4326
 2074
 3951
 -3353
 -1845
 3173
 1627
 -3489
 -618
 4536
 -342
 -4267
 413
 4855
 -1267
 -5120
 3981
 3679
 -3808
 -1424
 2333
 2727
 -4675
 -595
 5438
 -1552
 -4003
 3577
 1045
 -1301
 -927
 -99
 2306
 -257
 -3255
 2350
 2616
 -3316
 -833
 2935
 -1713
 -1998
 2507
 1066
 -2640
 -563
 2225
 505
 -3718
 52
 4457
 -2521
 -4462
 3824
 3611
 -4309
 -3214
 4817
 930
 -5455
 985
 3934
 -2447
 -1335
 230
 2720
 101
 -5923
 2038
 4236
 -2206
 -4131
 3509
 1376
 -2793
 -274
 1695
 477
 -2168
 -1769
 2663
 1395
 -2993
 -818
 1529
 1208
 -920
 -2409
 685
 1140
 98
 -295
 -1718
 1412
 1606
 -782
 -4318
 3586
 1916
 -3952
 -1518
 4155
 1168
 -3642
 -1360
 2289
 2520
 -5641
 -512
 3773
 209
 -1309
 -1382
 271
 2684
 -269
 -4747
 1483
 4487
 -2053
 -3616
 2306
 3892
 -3918
 -2966
 3501
 1406
 -2083
 -2019
 1446
 1750
 1215
 -3467
 -1043
 3394
 358
 -4244
 203
 3975
 451
 -3361
 -601
 3143
 -622
 -2470
 454
 1062
 681
 -65
 -1675
 1887
 4881
 -2834
 -3676
 3717
 3279
 -3646
 -2192
 1195
 1293
 -2925
 -4469
 1344
 781
 -2562
 -1379
 1398
 1004
 -425
 -2840
 -180
 2877
 -625
 -1886
 1861
 2690
 -170
 -986
 2106
 528
 1161
 505
 234
 1916
 851
 366
 -51
 1585
 740
 -1518
 696
 186
 56
 896
 -533
 -1666
 1763
 -1046
 -2583
 1157
 171
 -2719
 539
 1334
 -2515
 834
 290
 -2256
 1106
 256
 -2772
 1784
 2456
 -3265
 373
 2792
 -2521
 -720
 2473
 -1145
 -601
 1989
 -924
 -495
 2014
 -1617
 -1365
 2718
 -591
 -2677
 2582
 -312
 -2209
 1819
 -737
 -1373
 570
 1070
 -2307
 604
 341
 -639
 -68
 1066
 -1954
 1262
 -427
 -890
 957
 -51
 430
 -408
 -221
 290
 437
 -435
 188
 39
 658
 -155
 -320
 243
 -142
 1942
 -1254
 -1173
 766
 1279
 -1101
 -14
 1208
 -1484
 1053
 -289
 -1020
 -567
 2354
 -856
 -1988
 515
 2344
 -1484
 -2070
 1657
 166
 -410
 -663
 158
 -252
 273
 1361
 -1815
 -1135
 1776
 1325
 -3408
 -320
 3332
 -282
 -3263
 692
 2272
 -1294
 -1858
 1406
 509
 -1560
 838
 885
 -1726
 -554
 2340
 -1005
 -2028
 706
 2129
 -1301
 -1735
 1232
 1546
 -2121
 -1043
 2021
 103
 -2542
 522
 2707
 -1543
 -2056
 1801
 872
 -1849
 -1288
 1950
 570
 -1243
 -478
 1632
 -529
 -1246
 311
 1457
 -693
 -622
 940
 437
 -629
 -567
 808
 69
 -825
 -116
 1066
 118
 -765
 -27
 1368
 -608
 -1407
 964
 1008
 -744
 -907
 1117
 515
 -822
 -818
 828
 98
 -601
 -388
 757
 16
 -227
 -240
 -78
 336
 -227
 -958
 675
 713
 -176
 -971
 879
 488
 -563
 -580
 1087
 596
 -682
 -401
 1138
 526
 -333
 -588
 883
 692
 -459
 -754
 698
 900
 -129
 -561
 -255
 1110
 33
 -1056
 -306
 1070
 -133
 -533
 -438
 234
 390
 -286
 -775
 -257
 509
 -51
 -608
 -274
 426
 328
 -438
 -778
 -65
 237
 64
 -571
 -408
 413
 409
 -308
 -782
 -14
 319
 -40
 -376
 -167
 132
 328
 302
 -442
 -544
 135
 166
 -316
 -461
 471
 315
 -206
 -274
 -397
 -104
 -87
 103
 -121
 -210
 -34
 188
 -19
 -557
 -380
 -44
 33
 -31
 -269
 -146
 94
 175
 -235
 -520
 -197
 -27
 205
 35
 -380
 -342
 120
 243
 -51
 -405
 -384
 -36
 141
 -70
 -116
 -102
 -27
 50
 -278
 -405
 -31
 247
 111
 158
 -176
 -235
 145
 35
 -23
 -102
 -231
 50
 166
 175
 256
 -104
 -325
 -95
 33
 86
 390
 239
 -197
 -40
 247
 98
 -10
 213
 120
 -48
 -23
 247
 98
 268
 137
 -189
 -299
 356
 171
 -91
 -23
 -325
 -269
 -65
 39
 39
 50
 -469
 -371
 152
 179
 98
 124
 294
 107
 69
 307
 604
 624
 528
 407
 528
 689
 770
 981
 900
 562
 579
 579
 732
 808
 562
 668
 400
 56
 220
 505
 171
 175
 -78
 -367
 -512
 -455
 -261
 -308
 -82
 -70
 -337
 -210
 -469
 -631
 -608
 -669
 -529
 -363
 -418
 -499
 -867
 -1122
 -1158
 -1356
 -1564
 -1667
 -1726
 -1764
 -1951
 -2211
 -2232
 -2396
 -2602
 -2602
 -2491
 -2226
 -2011
 -2177
 -2253
 -2243
 -2215
 -1900
 -1326
 -1101
 -886
 -465
 -410
 -121
 247
 437
 774
 1164
 1398
 1810
 2408
 2663
 2673
 2822
 2897
 2928
 3122
 3420
 3666
 3594
 3369
 3224
 3148
 2894
 2680
 2646
 2605
 2425
 2371
 2520
 2310
 2086
 1793
 1517
 1514
 1653
 1853
 2069
 1887
 1504
 1279
 1079
 855
 858
 960
 800
 239
 -136
 -95
 60
 808
 1228
 879
 420
 -376
 -516
 243
 1491
 5082
 7009
 3703
 1293
 -1658
 -2525
 -578
 1113
 -625
 -1909
 -3418
 -4998
 -6510
 -8600
 -10225
 -11330
 -12811
 -14779
 -14741
 -13491
 -12600
 -13246
 -15649
 -18147
 -17455
 -15305
 -12355
 -9797
 -8566
 -6935
 -5675
 -5111
 -3438
 -557
 2055
 4555
 6105
 7866
 10390
 13398
 14308
 14019
 13197
 12935
 13985
 15406
 16018
 16192
 15246
 12812
 10483
 8440
 7366
 7175
 6554
 4753
 3118
 2316
 3394
 2446
 -686
 -2606
 -4363
 -4624
 -2813
 -754
 -665
 -1186
 -2549
 -3586
 -3535
 -2245
 -669
 834
 749
 562
 1178
 1848
 2123
 2235
 1674
 968
 1310
 1976
 2996
 3024
 1627
 -65
 -1339
 -2311
 -2058
 -1462
 -1547
 -2358
 -3518
 -4713
 -5151
 -5149
 -5243
 -4941
 -5047
 -4937
 -4284
 -3642
 -3455
 -3242
 -3183
 -3059
 -2566
 -1284
 115
 808
 815
 417
 290
 56
 417
 1542
 2171
 1785
 1531
 1653
 798
 862
 1189
 3943
 5080
 6007
 9344
 10254
 6405
 5238
 3547
 2310
 4362
 6431
 5608
 4057
 1755
 -1114
 -3344
 -6548
 -8709
 -9461
 -10038
 -11628
 -12268
 -13368
 -14724
 -16295
 -18682
 -20173
 -19082
 -16877
 -13786
 -11509
 -11095
 -9857
 -8938
 -7869
 -5677
 -2375
 953
 4878
 7475
 9120
 10794
 12369
 12761
 13411
 13788
 14468
 16294
 17355
 16940
 15844
 13707
 10964
 9108
 7804
 7583
 7375
 6254
 3484
 424
 -1730
 -2966
 -3519
 -3701
 -4165
 -4713
 -4713
 -4414
 -4007
 -3982
 -3687
 -3425
 -2651
 -952
 1368
 3016
 3924
 3785
 3500
 3619
 4477
 5793
 6877
 7034
 6214
 5306
 4521
 3675
 2969
 2112
 970
 239
 -591
 -1445
 -2368
 -3365
 -4869
 -6212
 -6674
 -6330
 -5885
 -5451
 -5522
 -5991
 -6497
 -6548
 -6136
 -5253
 -4329
 -3680
 -3017
 -2617
 -2338
 -1841
 -941
 -927
 -357
 900
 3369
 6550
 7204
 8385
 8066
 10030
 14328
 13177
 10811
 8376
 6394
 7845
 10166
 7698
 4138
 1123
 -2062
 -5022
 -8356
 -10867
 -12081
 -13589
 -16677
 -19811
 -21230
 -21342
 -21155
 -22089
 -24211
 -23235
 -20228
 -16786
 -13752
 -12702
 -11024
 -7935
 -5485
 -2236
 1589
 5697
 9618
 12001
 12841
 13951
 16468
 18048
 18467
 17907
 17210
 17416
 17737
 16044
 13543
 10806
 7991
 5803
 3773
 1955
 968
 -265
 -2100
 -4163
 -6255
 -7054
 -7218
 -6925
 -6127
 -5115
 -4148
 -3034
 -1802
 -954
 50
 1538
 3216
 5174
 6886
 8025
 8704
 8716
 8433
 8325
 8338
 8359
 8300
 7426
 5952
 4334
 2752
 1259
 -184
 -1522
 -2517
 -3382
 -4352
 -5387
 -6174
 -7057
 -7754
 -7918
 -7652
 -7057
 -6321
 -5630
 -5086
 -4673
 -4190
 -3401
 -2687
 -1632
 -527
 118
 437
 791
 645
 781
 685
 783
 1025
 162
 268
 239
 353
 2289
 3856
 3326
 3598
 3207
 3058
 6951
 13299
 12778
 9027
 5386
 1347
 3114
 7222
 7594
 4304
 1144
 -2447
 -4131
 -6799
 -9287
 -11129
 -12913
 -15641
 -17024
 -18164
 -17139
 -16766
 -18706
 -21838
 -22361
 -19548
 -14758
 -10286
 -9338
 -8821
 -7137
 -5151
 -2005
 1742
 4780
 8501
 10908
 11797
 12935
 15015
 16137
 16244
 14876
 13394
 13798
 15004
 14651
 12416
 8929
 5506
 3313
 1806
 957
 566
 -223
 -1615
 -3059
 -4597
 -5134
 -4896
 -4318
 -3910
 -3042
 -1594
 86
 1678
 2520
 2735
 3071
 4111
 5867
 7613
 8457
 8542
 7947
 6792
 5812
 5450
 5297
 5097
 4264
 2582
 794
 -748
 -1934
 -3127
 -4135
 -5018
 -5539
 -5876
 -6157
 -6317
 -6751
 -7074
 -7027
 -6663
 -5630
 -4482
 -3565
 -2957
 -2657
 -2392
 -1875
 -1158
 -240
 424
 889
 1070
 1178
 566
 -374
 -941
 -1071
 -931
 -410
 -537
 -1845
 -2175
 -2449
 -410
 1632
 2897
 3145
 2975
 2312
 6312
 14064
 15484
 11648
 7472
 2446
 4168
 9686
 11295
 7659
 3543
 -788
 -3170
 -5740
 -8668
 -10667
 -12260
 -15241
 -17560
 -19510
 -19218
 -18351
 -19796
 -23248
 -24476
 -21570
 -16142
 -10812
 -9691
 -9831
 -8186
 -5556
 -1637
 2616
 6118
 9958
 12837
 13622
 14128
 15869
 17471
 17971
 16833
 14791
 14587
 15531
 15049
 12201
 7998
 4168
 2197
 1015
 5
 -873
 -1845
 -3353
 -5171
 -6782
 -6534
 -5490
 -4478
 -3149
 -2189
 -1088
 685
 2703
 3853
 4600
 5793
 7141
 8993
 10458
 10887
 10468
 9663
 8433
 7647
 7111
 6388
 5459
 3985
 1759
 -410
 -2079
 -3591
 -4947
 -6134
 -7061
 -7354
 -7524
 -8098
 -8496
 -8739
 -8583
 -7805
 -6572
 -5392
 -4118
 -3350
 -2753
 -2096
 -1301
 -291
 832
 1548
 2048
 2391
 2286
 2116
 1657
 994
 298
 -472
 -995
 -1586
 -2075
 -2121
 -3153
 -3833
 -4580
 -4007
 -2175
 -142
 1110
 2684
 2180
 2999
 6890
 14359
 15242
 12697
 8616
 4334
 6683
 11553
 12854
 8497
 4440
 -167
 -1930
 -5366
 -8502
 -11605
 -13378
 -16236
 -18308
 -21172
 -21091
 -21328
 -22321
 -25338
 -25869
 -23090
 -17485
 -12596
 -11279
 -11114
 -8947
 -5519
 -754
 3428
 6762
 10740
 13809
 15240
 15891
 17125
 18290
 19068
 17967
 16107
 15410
 15665
 14570
 11261
 6679
 2924
 1019
 -74
 -1362
 -2698
 -4152
 -5379
 -6684
 -7911
 -7812
 -6857
 -4979
 -2770
 -1505
 -206
 1304
 3013
 4936
 6482
 7910
 9520
 11128
 12229
 12348
 11559
 10853
 9860
 8874
 7777
 6652
 5157
 3381
 1161
 -952
 -3078
 -4686
 -5787
 -6840
 -7588
 -7986
 -8326
 -8853
 -9011
 -8773
 -8209
 -7018
 -5787
 -4648
 -3710
 -2753
 -1769
 -710
 339
 1021
 1895
 2588
 2684
 2897
 2741
 2329
 1653
 1028
 128
 -686
 -1543
 -2058
 -2844
 -3331
 -3744
 -5290
 -5892
 -5032
 -2783
 -927
 994
 2133
 1963
 2293
 5824
 14289
 18477
 15648
 11464
 5153
 5969
 12263
 15942
 12021
 6577
 1155
 -1420
 -3735
 -7469
 -11271
 -13797
 -16741
 -18859
 -21665
 -22705
 -22767
 -23651
 -26773
 -28648
 -26150
 -20407
 -13871
 -11639
 -12277
 -11126
 -7512
 -1990
 3417
 6924
 10590
 14221
 16358
 17206
 18060
 19098
 20132
 19727
 17767
 16547
 16608
 15780
 12539
 7324
 2588
 324
 -405
 -1479
 -3153
 -5018
 -6602
 -8247
 -9800
 -9487
 -7979
 -6106
 -3527
 -2104
 -1713
 -119
 2225
 4770
 6784
 8461
 9714
 11464
 12693
 13109
 12507
 11572
 10530
 9820
 8684
 7319
 5863
 3947
 1389
 -1175
 -3646
 -4964
 -5915
 -6867
 -7873
 -8705
 -9470
 -9789
 -9800
 -9368
 -8530
 -7550
 -6313
 -5168
 -4227
 -3197
 -2011
 -992
 128
 1181
 1936
 2312
 2748
 2799
 2527
 2052
 1708
 1313
 509
 -397
 -1196
 -1905
 -2925
 -3782
 -3659
 -4163
 -5056
 -3659
 -2024
 -1437
 1453
 2205
 2622
 2629
 6907
 15976
 20074
 16311
 11172
 4257
 5599
 13373
 17416
 12854
 6839
 732
 -1684
 -4210
 -8139
 -12217
 -14401
 -16296
 -18427
 -21476
 -23575
 -24217
 -24883
 -27836
 -29182
 -26082
 -19897
 -13068
 -11556
 -13046
 -12239
 -8115
 -1607
 4400
 7940
 11491
 15100
 17257
 17671
 18107
 19109
 20778
 21144
 19479
 17895
 17569
 16290
 12667
 7209
 2397
 808
 834
 -159
 -2460
 -5315
 -7473
 -8989
 -10327
 -9912
 -8081
 -5859
 -3344
 -2147
 -2172
 -975
 1444
 4355
 6856
 8869
 10285
 11978
 13075
 13088
 12267
 11298
 10858
 10721
 9643
 8072
 6197
 3739
 970
 -1547
 -3578
 -4692
 -5438
 -6629
 -7969
 -9538
 -10493
 -10605
 -10476
 -9936
 -8947
 -7897
 -6942
 -5943
 -5141
 -4129
 -2906
 -1662
 -452
 679
 1429
 1955
 2137
 2006
 2065
 1699
 1266
 1279
 400
 -876
 -1498
 -2109
 -2453
 -2762
 -4210
 -5464
 -5388
 -4346
 -2194
 634
 1206
 1389
 1865
 2225
 9643
 19166
 18214
 13456
 6401
 2652
 9293
 17301
 16940
 10662
 3539
 -1090
 -1498
 -4747
 -8611
 -11628
 -13888
 -16121
 -18753
 -22624
 -23758
 -23877
 -25861
 -29076
 -28315
 -24228
 -16752
 -12677
 -14562
 -15943
 -13100
 -7071
 685
 5238
 7896
 11427
 14566
 15869
 16706
 17997
 20472
 22677
 22058
 19964
 19062
 18705
 16897
 12490
 7115
 4359
 4385
 3904
 1551
 -2304
 -5915
 -7512
 -8530
 -9364
 -8624
 -6827
 -5168
 -3867
 -3948
 -4265
 -2239
 957
 4185
 6605
 8181
 9418
 11028
 11610
 11600
 11610
 11838
 12208
 11885
 10403
 8597
 6520
 4287
 2235
 203
 -1492
 -2474
 -3925
 -5864
 -7761
 -9245
 -10025
 -10140
 -10068
 -9708
 -9155
 -8611
 -8064
 -7397
 -6555
 -5183
 -3578
 -2206
 -995
 -172
 494
 1004
 1279
 1717
 2252
 2544
 2259
 1602
 451
 -421
 -255
 -346
 -1277
 -2715
 -3884
 -4563
 -3348
 -1379
 -238
 84
 536
 556
 1310
 5676
 14477
 17810
 12782
 7009
 1212
 5017
 13686
 17875
 12327
 5110
 -512
 -1169
 -2313
 -5524
 -9393
 -11254
 -13280
 -15013
 -19301
 -21833
 -22886
 -23711
 -26490
 -27543
 -24676
 -18923
 -14360
 -15417
 -18504
 -17156
 -11509
 -3778
 1784
 3930
 6295
 9541
 11878
 13105
 14815
 17601
 20933
 22037
 20601
 19143
 19021
 18265
 15444
 11087
 8372
 8236
 8287
 5701
 1198
 -3229
 -5179
 -5570
 -6474
 -7037
 -6793
 -5859
 -5375
 -5766
 -6296
 -5672
 -2874
 528
 2992
 4555
 5540
 6779
 7611
 8376
 9244
 10781
 11776
 12123
 10896
 9035
 7562
 6547
 5387
 4196
 2642
 1134
 -703
 -2749
 -4894
 -6446
 -7308
 -7748
 -8148
 -8603
 -9062
 -9181
 -9274
 -8972
 -8173
 -6980
 -5562
 -4305
 -3608
 -3027
 -2296
 -1373
 -172
 934
 1708
 1993
 1865
 1480
 1310
 960
 1025
 1172
 940
 141
 -1573
 -2362
 -1722
 247
 1959
 2809
 1446
 1028
 1666
 5229
 14302
 17008
 11400
 5659
 664
 3890
 12875
 16566
 11291
 4249
 -1037
 -1739
 -1871
 -4471
 -7231
 -9243
 -11792
 -13721
 -17407
 -19913
 -20605
 -21459
 -24428
 -25155
 -22429
 -18083
 -14562
 -16456
 -19743
 -17859
 -12188
 -5030
 -40
 1293
 2786
 5620
 7923
 9847
 12607
 15967
 19347
 20370
 19017
 18150
 18481
 18341
 16496
 13394
 11627
 11940
 11417
 8147
 3552
 -639
 -2426
 -2328
 -2851
 -3825
 -5128
 -6544
 -6780
 -7031
 -7137
 -5651
 -3993
 -2668
 -924
 366
 1512
 3128
 4202
 4991
 6431
 8249
 9779
 10003
 9099
 8127
 7560
 7213
 7107
 6507
 5131
 3339
 1296
 -801
 -2334
 -3204
 -3908
 -4958
 -6351
 -7648
 -8403
 -8998
 -9164
 -8981
 -8743
 -8101
 -7214
 -6644
 -6144
 -5524
 -4628
 -3569
 -2372
 -1328
 -108
 672
 862
 783
 596
 672
 1304
 2108
 2069
 1157
 319
 -1009
 -574
 1232
 2374
 2816
 3131
 2125
 2222
 4036
 9516
 15869
 13339
 7290
 1806
 1512
 8631
 16010
 13601
 5884
 -112
 -1701
 -537
 -1586
 -4998
 -7425
 -9045
 -10833
 -13891
 -17670
 -19371
 -19446
 -20626
 -22954
 -22157
 -19059
 -15917
 -16261
 -19977
 -20615
 -15294
 -8366
 -3047
 -1888
 -1917
 375
 4070
 6611
 9218
 12582
 16350
 18775
 18399
 17131
 17603
 18932
 18881
 17067
 15259
 15206
 15327
 12841
 8046
 4036
 2078
 2238
 2040
 451
 -1990
 -4394
 -6323
 -6823
 -7282
 -6459
 -4656
 -4224
 -4384
 -4114
 -3463
 -1920
 60
 1361
 2575
 4257
 5748
 6492
 6252
 6048
 6873
 7723
 8287
 8117
 7043
 5722
 4470
 2928
 1919
 1446
 664
 -472
 -2175
 -4233
 -5783
 -6612
 -6986
 -7167
 -7524
 -7884
 -8056
 -8373
 -8481
 -7958
 -7069
 -6110
 -5270
 -4462
 -3806
 -3195
 -2494
 -1641
 -1050
 -850
 -286
 264
 883
 1429
 1317
 404
 404
 1602
 3449
 4300
 4949
 4689
 4185
 5068
 8198
 14342
 14094
 9327
 4291
 2106
 6452
 13160
 13282
 6492
 426
 -2100
 -982
 -1356
 -4437
 -7340
 -8973
 -10774
 -12779
 -16796
 -18808
 -19097
 -19412
 -21532
 -21778
 -19841
 -17332
 -17060
 -19790
 -21064
 -16681
 -10452
 -5573
 -4431
 -4845
 -2868
 1219
 4525
 6958
 10058
 13513
 16493
 16870
 16150
 16804
 18688
 19670
 18875
 17348
 17244
 17431
 15535
 11366
 7879
 6411
 6598
 6241
 3734
 594
 -2202
 -4216
 -4792
 -5066
 -5383
 -4822
 -5353
 -6510
 -6729
 -5915
 -4543
 -2868
 -2032
 -1301
 47
 1555
 2633
 2911
 3360
 4787
 6356
 7251
 7362
 6694
 6016
 5742
 5572
 5167
 4865
 4049
 2567
 970
 -401
 -1581
 -2175
 -3068
 -4227
 -5188
 -5926
 -6534
 -7061
 -7554
 -7758
 -7374
 -7091
 -6882
 -6338
 -5791
 -5430
 -4954
 -4275
 -3740
 -2895
 -1930
 -1263
 -1207
 -431
 226
 366
 783
 2469
 3658
 4691
 5467
 5412
 6071
 7604
 11708
 15922
 12676
 7970
 4902
 5667
 11159
 15242
 11597
 4464
 373
 -312
 1004
 -869
 -4577
 -6799
 -8475
 -10518
 -13423
 -17268
 -18988
 -19039
 -19745
 -21546
 -21149
 -19922
 -19225
 -20645
 -23041
 -21374
 -15634
 -10591
 -8386
 -8832
 -8590
 -4950
 -376
 2735
 5442
 8759
 12120
 14579
 14698
 15036
 17125
 19523
 20533
 20176
 19687
 20027
 19557
 16655
 13211
 11742
 11759
 11733
 9762
 5875
 2463
 -136
 -1773
 -2164
 -2830
 -3867
 -4792
 -7133
 -8926
 -8913
 -7894
 -6738
 -6011
 -6225
 -5723
 -4492
 -3472
 -2585
 -1730
 -274
 1946
 3434
 3924
 4104
 4232
 4787
 5841
 6550
 6707
 6524
 5446
 4141
 3390
 3097
 2850
 2091
 536
 -1077
 -2324
 -3204
 -3684
 -4492
 -5498
 -6042
 -6432
 -6935
 -7172
 -7425
 -7422
 -7014
 -7061
 -6402
 -5647
 -5556
 -5762
 -4894
 -2987
 -1858
 -1786
 -1362
 -903
 1653
 4198
 5973
 4953
 5285
 7536
 13126
 16821
 13048
 8684
 6288
 9210
 15083
 17178
 12218
 6082
 3417
 3675
 3907
 1521
 -1819
 -3480
 -5892
 -8679
 -12256
 -15428
 -16490
 -17170
 -19191
 -21155
 -20645
 -19922
 -20690
 -23388
 -25002
 -22021
 -16558
 -13504
 -12944
 -13735
 -12168
 -8131
 -3999
 -1135
 2031
 5752
 8933
 10794
 11385
 13405
 16846
 19602
 20644
 20873
 21443
 22473
 21862
 19419
 17454
 17597
 18052
 17144
 14196
 10624
 7919
 5608
 3560
 2629
 1704
 30
 -2559
 -6178
 -8645
 -8696
 -7805
 -7478
 -8305
 -9882
 -10280
 -9487
 -8736
 -7852
 -6836
 -5277
 -3540
 -2670
 -2279
 -1275
 16
 1576
 3264
 4430
 5102
 5408
 5097
 4621
 4851
 5701
 6299
 5739
 4049
 2507
 1670
 1127
 764
 -34
 -1263
 -2589
 -3578
 -4631
 -5370
 -5825
 -6198
 -6534
 -7095
 -7635
 -7724
 -7771
 -7694
 -6538
 -5536
 -5522
 -5694
 -4743
 -2687
 -540
 1878
 2176
 2446
 3972
 9171
 13979
 11759
 7791
 6020
 9180
 15348
 18477
 14179
 7777
 5693
 7166
 8534
 6167
 2286
 298
 -1311
 -3786
 -7384
 -11169
 -12664
 -13348
 -15277
 -18189
 -19131
 -19150
 -20252
 -23228
 -25520
 -23443
 -18838
 -16681
 -17506
 -18988
 -17808
 -13544
 -9379
 -7120
 -4928
 -1430
 2018
 4444
 5506
 7834
 11961
 15716
 17652
 18481
 19636
 21443
 22188
 21195
 20519
 21641
 22949
 22402
 19560
 16329
 14982
 14085
 12289
 10041
 8874
 7272
 4583
 573
 -3127
 -4267
 -3867
 -4029
 -5926
 -8981
 -11284
 -11669
 -11335
 -10956
 -10503
 -9861
 -9512
 -9283
 -9440
 -8379
 -6504
 -4360
 -2691
 -1556
 -748
 260
 1155
 1827
 2975
 4689
 5965
 6241
 5510
 4627
 4746
 5099
 5335
 4919
 4049
 2727
 1580
 481
 -240
 -686
 -1458
 -2481
 -3704
 -4941
 -5621
 -5892
 -6425
 -6357
 -6208
 -6212
 -7340
 -6504
 -4815
 -4091
 -2287
 -1411
 -1084
 1155
 5976
 9286
 6479
 4015
 3349
 8308
 14192
 16214
 11927
 6826
 6078
 8976
 10288
 7953
 4702
 3526
 2259
 307
 -3510
 -7120
 -8009
 -8889
 -10489
 -13338
 -15135
 -16364
 -18053
 -21408
 -23075
 -21006
 -17798
 -17417
 -19629
 -21757
 -20320
 -16384
 -13148
 -11662
 -10316
 -7418
 -4397
 -2364
 -1413
 1364
 5582
 9533
 11842
 12871
 14472
 16659
 17869
 18282
 19285
 21409
 23234
 22955
 20563
 18416
 18269
 18858
 18467
 16553
 14425
 13286
 11196
 8008
 4885
 2935
 2646
 2106
 -150
 -3684
 -6704
 -8679
 -9117
 -9351
 -9715
 -10123
 -11092
 -12553
 -13191
 -12876
 -11265
 -9491
 -8488
 -8199
 -7767
 -6891
 -5596
 -3969
 -2491
 -680
 896
 1640
 1831
 2163
 2922
 4311
 5480
 5871
 5531
 4868
 4226
 3981
 3879
 3866
 3573
 2595
 1463
 281
 -873
 -1773
 -2243
 -2670
 -2963
 -3031
 -4078
 -5392
 -5847
 -4818
 -3587
 -2787
 -2619
 -2528
 -1379
 1087
 6027
 5908
 2235
 936
 2935
 8644
 13320
 12008
 6639
 4402
 6075
 9652
 9707
 6354
 3771
 4138
 3060
 1463
 -2481
 -4882
 -5270
 -5556
 -7737
 -10187
 -11777
 -13657
 -15632
 -18368
 -18604
 -16042
 -14796
 -16809
 -19450
 -20479
 -17808
 -14320
 -12970
 -12896
 -11509
 -8981
 -6483
 -5281
 -4478
 -1173
 2884
 5803
 7356
 8423
 10271
 12429
 13745
 14753
 17012
 19385
 20387
 19589
 17892
 17654
 19058
 19649
 19085
 17763
 16333
 15835
 13669
 10828
 9120
 8274
 7866
 6632
 3526
 56
 -2109
 -3799
 -4486
 -5421
 -6646
 -7979
 -9636
 -11843
 -12485
 -12400
 -11394
 -10829
 -10969
 -11588
 -11271
 -10535
 -9534
 -8158
 -6938
 -5413
 -4186
 -3723
 -3297
 -2113
 -699
 1008
 2133
 2571
 2805
 2999
 3139
 3675
 4147
 4555
 4725
 4036
 2931
 2414
 2089
 1904
 1412
 647
 -478
 -1379
 -1905
 -2189
 -2647
 -2755
 -2719
 -3129
 -3112
 -3204
 -2375
 -1671
 -567
 634
 4621
 4532
 1857
 387
 1293
 6275
 10921
 10122
 5663
 3754
 4715
 7736
 7770
 4997
 3390
 4402
 3534
 1857
 -2330
 -4590
 -4176
 -3846
 -5821
 -8233
 -9906
 -11679
 -13212
 -15930
 -16325
 -14231
 -13198
 -14898
 -17302
 -18533
 -16565
 -13752
 -12978
 -12753
 -11224
 -8879
 -6865
 -6419
 -6096
 -2942
 1100
 3904
 5335
 6088
 7743
 9945
 11355
 12493
 14766
 17012
 18260
 18026
 16795
 16855
 18214
 18973
 18694
 18184
 17423
 17074
 15871
 12718
 11087
 10730
 10879
 10162
 7519
 3771
 1427
 -95
 -833
 -1403
 -2932
 -4747
 -6691
 -8913
 -10316
 -10259
 -10229
 -9891
 -10463
 -11373
 -11764
 -11547
 -11275
 -10323
 -9113
 -7999
 -6955
 -6751
 -6751
 -5842
 -4261
 -2457
 -890
 -388
 -210
 94
 664
 1682
 2792
 3343
 3662
 3581
 3196
 2973
 2941
 2771
 2812
 2609
 1908
 1083
 285
 -493
 -897
 -724
 -744
 -1322
 -1937
 -2504
 -2640
 -2015
 -1152
 -771
 -1026
 -673
 1976
 5714
 3615
 1123
 -782
 2431
 7825
 10994
 7187
 3126
 2408
 5110
 7859
 6150
 3199
 2639
 3534
 2414
 115
 -3629
 -4210
 -3642
 -4261
 -6721
 -8428
 -9874
 -11403
 -13555
 -15709
 -14477
 -12362
 -12723
 -15445
 -17608
 -17387
 -14329
 -12515
 -12651
 -12355
 -10506
 -8315
 -7044
 -7159
 -5791
 -2079
 1208
 2992
 3930
 4910
 6883
 8548
 9707
 11419
 14087
 15769
 16214
 15376
 14866
 16141
 17661
 17912
 17423
 17223
 17495
 16846
 14549
 12480
 11848
 12544
 12684
 10958
 7662
 4991
 3360
 2629
 2099
 892
 -816
 -2738
 -4941
 -6833
 -7697
 -7863
 -7829
 -8464
 -9668
 -10659
 -11027
 -11173
 -10993
 -10382
 -9562
 -8675
 -8539
 -8764
 -8547
 -7473
 -5847
 -4244
 -3416
 -3102
 -2789
 -2239
 -1314
 -78
 930
 1699
 1970
 1865
 1912
 2329
 2771
 3037
 2948
 2652
 2337
 2021
 1568
 1266
 1076
 974
 834
 645
 -70
 -516
 -584
 -699
 -272
 -27
 477
 475
 536
 120
 2057
 5778
 5671
 2996
 798
 1198
 5952
 9650
 8157
 4045
 2609
 3658
 6360
 5858
 2888
 1500
 2276
 1699
 532
 -2783
 -4407
 -4492
 -5077
 -6725
 -7826
 -8598
 -10144
 -11964
 -14579
 -14337
 -12158
 -11601
 -13266
 -15311
 -15757
 -13701
 -11662
 -11741
 -11584
 -10133
 -8107
 -6568
 -6212
 -5689
 -3089
 -529
 1240
 2669
 3968
 5608
 6954
 7540
 8657
 11002
 12982
 13839
 13652
 13033
 13856
 15131
 15521
 15344
 15352
 15657
 15942
 14919
 12778
 11536
 11665
 11978
 11910
 10139
 7696
 5637
 4359
 3551
 3111
 2095
 685
 -1445
 -3595
 -5137
 -5388
 -5766
 -6313
 -7503
 -8685
 -9385
 -9874
 -10357
 -10486
 -10197
 -9821
 -9410
 -9538
 -9855
 -9681
 -8906
 -7767
 -6593
 -5987
 -5709
 -5438
 -5018
 -4097
 -2800
 -1624
 -873
 -614
 -567
 -65
 757
 1500
 2027
 2272
 2299
 2391
 2418
 2493
 2592
 2803
 2905
 2901
 2550
 2316
 2157
 2137
 2010
 2225
 2205
 2099
 1436
 1208
 1415
 1810
 1953
 2027
 1683
 2197
 4610
 5340
 3084
 1212
 -68
 2748
 5778
 6499
 3586
 1623
 475
 1393
 2120
 1480
 811
 624
 -686
 -2011
 -3540
 -4237
 -4080
 -4669
 -6049
 -6810
 -6721
 -7380
 -8598
 -10629
 -11373
 -9755
 -8451
 -8430
 -9483
 -10535
 -10639
 -9470
 -8598
 -7278
 -5879
 -5064
 -5005
 -4826
 -4199
 -2147
 -204
 974
 1921
 2975
 4023
 4987
 5395
 6092
 7526
 9086
 10081
 10672
 10564
 10564
 11094
 11508
 12116
 12837
 13220
 12752
 11889
 10930
 10721
 11057
 11168
 10645
 9548
 8106
 7017
 6203
 5504
 4723
 3798
 2693
 1436
 52
 -1209
 -2134
 -2898
 -3816
 -4641
 -5575
 -6459
 -7340
 -8169
 -8760
 -9023
 -9151
 -9240
 -9393
 -9755
 -9916
 -9746
 -9253
 -8586
 -7954
 -7486
 -7048
 -6636
 -5983
 -5073
 -4292
 -3384
 -2976
 -2460
 -1756
 -999
 -495
 -40
 226
 832
 1191
 1848
 1831
 2086
 2086
 2188
 2329
 2578
 2633
 2605
 2693
 2463
 2272
 2323
 2227
 1950
 1919
 2163
 1606
 1427
 1325
 1364
 1089
 757
 858
 760
 407
 84
 145
 60
 -374
 -506
 -629
 -486
 -778
 -969
 -482
 -129
 -299
 -546
 -1203
 -1399
 -971
 -363
 -172
 -44
 -367
 -818
 -901
 -944
 -833
 -357
 -82
 39
 -754
 -1445
 -1900
 -1560
 -1190
 -969
 -1237
 -1807
 -2232
 -2770
 -2908
 -2810
 -2579
 -2579
 -2636
 -2966
 -3021
 -3095
 -2919
 -2762
 -2379
 -2005
 -1600
 -1156
 -863
 -340
 94
 858
 1657
 2584
 3281
 3709
 4100
 4549
 4953
 5765
 6207
 6492
 7043
 7213
 6983
 6979
 7111
 7137
 7064
 7103
 6822
 6252
 5725
 5421
 5140
 4702
 4281
 3722
 3126
 2622
 1870
 1395
 828
 426
 -238
 -597
 -941
 -1709
 -2039
 -2542
 -2983
 -3212
 -3327
 -3769
 -3901
 -4156
 -4312
 -4539
 -4560
 -4448
 -4407
 -4641
 -4084
 -4465
 -4271
 -4105
 -3837
 -3646
 -3476
 -3234
 -3231
 -2789
 -2660
 -2545
 -2311
 -1973
 -1964
 -1781
 -1498
 -1445
 -1356
 -1207
 -1186
 -982
 -971
 -822
 -833
 -673
 -714
 -693
 -601
 -608
 -512
 -503
 -425
 -384
 -393
 -342
 -291
 -274
 -221
 -184
 -119
 -27
 73
 69
 50
 111
 217
 256
 324
 362
 366
 447
 488
 481
 475
 509
 488
 573
 600
 556
 511
 515
 451
 437
 471
 451
 441
 437
 353
 268
 256
 285
 294
 288
 254
 234
 256
 251
 234
 277
 315
 339
 390
 420
 458
 502
 545
 604
 692
 800
 872
 906
 953
 991
 1089
 1189
 1249
 1287
 1317
 1355
 1378
 1378
 1364
 1361
 1378
 1351
 1308
 1240
 1147
 1083
 1015
 930
 855
 757
 655
 502
 390
 322
 226
 154
 33
 -51
 -150
 -214
 -255
 -306
 -346
 -350
 -391
 -405
 -421
 -408
 -408
 -357
 -316
 -269
 -238
 -240
 -204
 -172
 -119
 -70
 -44
 -27
 -57
 -40
 -40
 -44
 -68
 -65
 -102
 -121
 -172
 -231
 -289
 -306
 -320
 -359
 -405
 -448
 -472
 -489
 -516
 -516
 -489
 -478
 -733
 -486
 -529
 -574
 -550
 -503
 -503
 -489
 -425
 -503
 -461
 -438
 -442
 -391
 -316
 -357
 -388
 -376
 -363
 -325
 -286
 -274
 -299
 -303
 -282
 -282
 -261
 -272
 -257
 -265
 -265
 -286
 -291
 -312
 -333
 -354
 -357
 -371
 -388
 -425
 -478
 -533
 -544
 -537
 -544
 -563
 -591
 -635
 -665
 -665
 -652
 -612
 -588
 -557
 -561
 -546
 -512
 -476
 -397
 -342
 -272
 -227
 -159
 -119
 -74
 -6
 52
 135
 217
 243
 251
 277
 324
 375
 407
 434
 434
 430
 404
 396
 396
 383
 387
 362
 339
 305
 247
 230
 192
 183
 162
 124
 86
 84
 60
 43
 26
 60
 64
 69
 69
 90
 115
 141
 169
 188
 222
 298
 332
 339
 373
 424
 468
 509
 528
 522
 528
 549
 560
 566
 543
 526
 522
 509
 488
 447
 424
 404
 379
 358
 324
 277
 243
 217
 196
 166
 145
 115
 90
 69
 47
 13
 1
 -17
 -10
 -19
 -48
 -78
 -87
 -104
 -99
 -91
 -104
 -116
 -108
 -116
 -104
 -87
 -82
 -68
 -74
 -74
 -61
 -27
 -17
 -2
 1
 0
 1
 18
 13
 9
 16
 22
 0
 -14
 -40
 -48
 -70
 -91
 -119
 -129
 -146
 -153
 -189
 -214
 -238
 -240
 -235
 -248
 -257
 -286
 -291
 -289
 -261
 -269
 -244
 -240
 -223
 -221
 -218
 -204
 -187
 -187
 -172
 -170
 -167
 -159
 -180
 -197
 -197
 -201
 -204
 -218
 -238
 -265
 -303
 -316
 -333
 -346
 -350
 -380
 -391
 -397
 -414
 -425
 -435
 -421
 -405
 -408
 -401
 -397
 -380
 -371
 -359
 -329
 -306
 -274
 -272
 -231
 -201
 -155
 -138
 -104
 -87
 -53
 -17
 13
 39
 52
 81
 90
 115
 128
 118
 115
 120
 128
 120
 115
 90
 101
 77
 67
 35
 16
 -6
 -17
 -34
 -65
 -74
 -82
 -99
 -133
 -125
 -138
 -138
 -155
 -159
 -150
 -136
 -129
 -116
 -116
 -91
 -87
 -53
 -36
 -2
 9
 52
 67
 103
 124
 158
 175
 205
 254
 247
 271
 288
 294
 311
 315
 307
 311
 305
 302
 305
 294
 277
 288
 271
 268
 251
 256
 260
 243
 230
 226
 234
 230
 237
 254
 243
 251
 237
 251
 271
 273
 290
 285
 302
 307
 302
 311
 322
 311
 319
 305
 305
 281
 254
 230
 196
 192
 152
 132
 86
 50
 18
 -10
 -40
 -65
 -104
 -159
 -184
 -197
 -231
 -255
 -282
 -289
 -286
 -303
 -306
 -308
 -295
 -289
 -278
 -265
 -261
 -231
 -214
 -187
 -170
 -146
 -121
 -108
 -95
 -82
 -65
 -48
 -44
 -40
 -40
 -48
 -40
 -61
 -57
 -70
 -87
 -112
 -121
 -146
 -170
 -206
 -255
 -278
 -303
 -316
 -354
 -380
 -425
 -442
 -455
 -482
 -495
 -510
 -516
 -516
 -529
 -520
 -512
 -503
 -495
 -486
 -472
 -455
 -442
 -418
 -405
 -374
 -350
 -329
 -291
 -282
 -255
 -231
 -197
 -176
 -163
 -155
 -136
 -129
 -104
 -85
 -70
 -44
 -36
 -31
 -17
 -6
 1
 26
 35
 52
 77
 84
 101
 98
 118
 152
 162
 186
 188
 209
 222
 239
 260
 285
 307
 311
 336
 324
 345
 356
 353
 356
 362
 345
 349
 345
 322
 298
 290
 290
 271
 239
 209
 179
 166
 141
 115
 101
 67
 39
 13
 -10
 -36
 -36
 -36
 -57
 -65
 -68
 -87
 -78
 -70
 -82
 -53
 -40
 -27
 -17
 -10
 1
 30
 73
 81
 107
 135
 171
 192
 205
 234
 247
 285
 294
 294
 307
 302
 307
 311
 307
 298
 298
 277
 260
 239
 205
 175
 158
 118
 98
 60
 35
 13
 -34
 -57
 -82
 -116
 -150
 -176
 -204
 -221
 -231
 -257
 -269
 -295
 -316
 -325
 -329
 -340
 -340
 -337
 -354
 -371
 -363
 -376
 -359
 -371
 -388
 -374
 -367
 -367
 -371
 -367
 -354
 -342
 -325
 -329
 -312
 -306
 -289
 -274
 -261
 -227
 -214
 -187
 -180
 -159
 -142
 -129
 -95
 -74
 -65
 -44
 -19
 -19
 5
 13
 22
 39
 43
 47
 43
 52
 43
 35
 33
 33
 9
 9
 -10
 -17
 -31
 -40
 -70
 -68
 -91
 -108
 -121
 -133
 -150
 -153
 -146
 -146
 -172
 -172
 -167
 -167
 -155
 -153
 -150
 -142
 -119
 -116
 -99
 -87
 -61
 -34
 -19
 -14
 5
 16
 47
 64
 81
 98
 115
 135
 152
 152
 169
 175
 196
 192
 205
 192
 213
 222
 230
 222
 230
 239
 243
 237
 239
 243
 247
 256
 239
 243
 243
 251
 251
 237
 239
 226
 222
 217
 188
 192
 183
 166
 149
 141
 135
 101
 86
 64
 50
 30
 5
 -10
 -40
 -61
 -85
 -112
 -125
 -153
 -172
 -204
 -214
 -240
 -257
 -265
 -289
 -289
 -299
 -308
 -316
 -299
 -306
 -308
 -299
 -299
 -289
 -265
 -257
 -244
 -218
 -204
 -170
 -138
 -119
 -91
 -53
 -53
 -2
 5
 33
 50
 67
 69
 107
 120
 132
 124
 124
 118
 124
 103
 98
 81
 60
 50
 35
 9
 -23
 -44
 -61
 -91
 -116
 -138
 -170
 -189
 -214
 -227
 -257
 -269
 -289
 -299
 -308
 -295
 -320
 -303
 -306
 -299
 -286
 -269
 -265
 -248
 -238
 -238
 -197
 -189
 -184
 -159
 -136
 -121
 -104
 -99
 -53
 -51
 -36
 -23
 -10
 0
 5
 33
 22
 47
 56
 56
 67
 81
 77
 81
 84
 98
 94
 98
 103
 103
 111
 118
 141
 135
 137
 141
 154
 162
 158
 162
 158
 169
 169
 171
 166
 169
 162
 175
 166
 137
 141
 135
 107
 101
 69
 56
 50
 30
 9
 0
 -19
 -40
 -57
 -78
 -87
 -91
 -104
 -104
 -119
 -125
 -116
 -136
 -108
 -121
 -116
 -102
 -91
 -85
 -68
 -48
 -27
 -14
 9
 33
 47
 64
 86
 101
 132
 141
 149
 166
 169
 175
 179
 200
 196
 196
 192
 188
 179
 179
 171
 154
 135
 137
 124
 86
 81
 50
 30
 18
 -2
 -31
 -48
 -78
 -102
 -119
 -129
 -153
 -176
 -187
 -206
 -223
 -223
 -235
 -265
 -261
 -282
 -282
 -282
 -289
 -295
 -291
 -299
 -286
 -295
 -282
 -286
 -295
 -278
 -274
 -282
 -274
 -282
 -272
 -261
 -261
 -261
 -244
 -235
 -227
 -235
 -218
 -214
 -218
 -201
 -187
 -197
 -184
 -176
 -155
 -138
 -136
 -125
 -104
 -112
 -87
 -74
 -53
 -57
 -40
 -23
 -10
 -6
 22
 16
 26
 39
 39
 52
 60
 52
 47
 50
 52
 50
 47
 30
 26
 18
 16
 16
 -2
 0
 -14
 -27
 -36
 -27
 -44
 -40
 -40
 -40
 -31
 -36
 -48
 -34
 -23
 -17
 -10
 9
 33
 30
 52
 73
 84
 103
 128
 149
 162
 179
 186
 200
 222
 234
 247
 254
 260
 268
 277
 281
 277
 273
 277
 277
 271
 271
 254
 254
 222
 247
 213
 200
 192
 183
 183
 166
 169
 149
 124
 111
 101
 77
 73
 67
 56
 35
 26
 16
 9
 -10
 -17
 -23
 -48
 -48
 -78
 -74
 -82
 -85
 -104
 -112
 -129
 -121
 -150
 -153
 -153
 -172
 -180
 -176
 -187
 -189
 -193
 -187
 -193
 -187
 -197
 -197
 -197
 -189
 -180
 -201
 -189
 -189
 -176
 -170
 -170
 -170
 -163
 -155
 -167
 -138
 -153
 -142
 -136
 -116
 -108
 -104
 -112
 -112
 -102
 -95
 -112
 -104
 -95
 -108
 -102
 -102
 -119
 -129
 -125
 -136
 -146
 -163
 -170
 -163
 -172
 -187
 -184
 -189
 -201
 -206
 -214
 -214
 -223
 -223
 -227
 -240
 -240
 -221
 -218
 -218
 -214
 -206
 -193
 -170
 -172
 -170
 -150
 -146
 -138
 -129
 -104
 -91
 -87
 -65
 -57
 -44
 -40
 -17
 -6
 -14
 13
 26
 26
 35
 52
 50
 73
 98
 84
 77
 90
 98
 101
 103
 107
 115
 115
 124
 152
 169
 60
 84
 166
 137
 90
 162
 145
 94
 169
 239
 183
 171
 256
 315
 2214
 4015
 -1954
 -529
 828
 -1101
 -1335
 -133
 -1411
 -1369
 -48
 -842
 -544
 169
 -306
 -346
 373
 90
 -320
 -206
 749
 379
 -2
 1174
 407
 692
 1398
 101
 709
 1259
 468
 243
 1412
 392
 203
 1008
 234
 362
 124
 260
 -197
 356
 -153
 -133
 311
 -421
 -320
 47
 -714
 -102
 120
 -992
 -146
 86
 -816
 -163
 -342
 -629
 -48
 -659
 -146
 -261
 -342
 -597
 353
 -788
 -656
 562
 -546
 -733
 311
 -180
 -601
 -61
 -44
 -697
 -133
 13
 -231
 -720
 477
 -308
 -350
 26
 -23
 -816
 152
 -51
 -425
 -295
 -31
 -176
 -618
 458
 -584
 -520
 488
 -197
 -1029
 315
 543
 -1165
 -359
 624
 -663
 -163
 -19
 -163
 -503
 441
 -537
 -193
 213
 -163
 -289
 -261
 305
 86
 -261
 -495
 774
 -825
 543
 -44
 -371
 94
 417
 -265
 -19
 305
 -240
 315
 -6
 -342
 420
 400
 30
 -792
 1045
 -371
 111
 505
 -240
 64
 222
 203
 90
 -393
 349
 556
 -690
 494
 -142
 50
 460
 -605
 47
 858
 -852
 47
 617
 -380
 383
 124
 -975
 926
 553
 -893
 -85
 821
 -648
 743
 -252
 -70
 243
 273
 -289
 -240
 930
 -367
 30
 285
 -856
 1104
 226
 -1063
 940
 426
 -1039
 515
 30
 239
 -278
 400
 -703
 841
 -269
 -68
 107
 -34
 188
 -690
 560
 22
 -346
 18
 -53
 553
 -278
 -442
 841
 -697
 -465
 1300
 -801
 -104
 1021
 -1360
 264
 536
 -53
 -17
 -374
 458
 -159
 -489
 732
 -193
 -975
 2006
 -1420
 -527
 1682
 -350
 -1645
 1953
 -48
 -2058
 1449
 315
 -1196
 1055
 -119
 -333
 -686
 841
 -269
 -850
 1198
 -23
 -1654
 1534
 -805
 -784
 1500
 -1097
 -537
 798
 458
 -2223
 1161
 845
 -1815
 149
 1059
 -1552
 179
 794
 -1886
 2238
 -1820
 -550
 1568
 -1335
 -286
 226
 390
 -846
 179
 39
 -1362
 2086
 -2019
 579
 -197
 332
 -1220
 879
 -82
 -958
 1529
 -2449
 1602
 -775
 137
 -74
 -238
 294
 -108
 -1498
 1810
 -646
 -761
 1147
 -1029
 -1105
 3369
 -2787
 -805
 2061
 -676
 -850
 -346
 1123
 -529
 679
 -2100
 977
 2038
 -3820
 2252
 -574
 -286
 1497
 -2347
 1750
 -625
 794
 -1777
 2205
 -1869
 1351
 -648
 243
 573
 -1484
 1887
 -625
 -1090
 1334
 543
 -863
 -995
 2775
 -2830
 1381
 268
 -170
 -265
 485
 -265
 -65
 851
 -414
 -733
 1338
 -986
 434
 747
 -1233
 1521
 -580
 -975
 1599
 441
 -2260
 2065
 706
 -2783
 1599
 528
 -31
 -748
 -204
 2044
 -1968
 730
 39
 447
 -818
 1916
 -3285
 2599
 -189
 -269
 -1186
 1402
 0
 -255
 -1339
 2816
 -1498
 -1186
 2397
 -782
 -316
 -1556
 3241
 -1700
 -455
 -40
 1678
 -1196
 -1012
 2091
 -1124
 -893
 1062
 1228
 -4346
 4868
 -2494
 -397
 1174
 -95
 -2610
 3526
 -1309
 -2022
 2218
 -180
 -1339
 -340
 2656
 -3684
 1851
 1232
 -3280
 1517
 1191
 -2566
 1483
 -639
 392
 -782
 526
 -153
 -337
 -312
 760
 -323
 -1413
 1585
 -329
 -1199
 -14
 913
 220
 -2151
 1623
 -380
 -27
 -1735
 2533
 -2347
 740
 994
 -2273
 858
 981
 -1369
 -388
 1461
 -1229
 -897
 2306
 -1773
 -435
 926
 -622
 607
 -1288
 662
 -856
 1568
 -1564
 -261
 723
 1836
 -4639
 2550
 1738
 -4122
 2922
 -1067
 -238
 18
 804
 -2045
 1055
 460
 -218
 -2211
 2174
 -272
 -516
 -493
 1147
 -414
 -1365
 2057
 -2409
 2021
 -669
 -393
 -635
 1801
 -1577
 604
 -95
 -512
 413
 624
 -1277
 -150
 2218
 -2559
 1185
 -659
 774
 -119
 -571
 -104
 1406
 -1896
 1347
 -1447
 1657
 409
 -2942
 2778
 356
 -2296
 1151
 2055
 -3367
 1453
 1806
 -2436
 400
 1712
 290
 -3650
 4040
 -1845
 179
 387
 641
 -1852
 2941
 -2334
 -312
 4240
 -4475
 1691
 562
 791
 -2385
 2622
 -1073
 -34
 1083
 -1258
 706
 -14
 2191
 -4801
 5127
 -1956
 -758
 726
 2646
 -4037
 696
 4579
 -5626
 1576
 3434
 -3276
 -1060
 3841
 -2851
 271
 2320
 -2813
 1461
 -516
 1242
 -2634
 1151
 2255
 -2338
 -1196
 2673
 -920
 -1343
 2014
 -2415
 1755
 -176
 -1600
 736
 1802
 -2334
 -767
 2646
 -1837
 407
 -703
 940
 -240
 -1382
 1308
 -10
 -333
 -1934
 3148
 -2185
 -210
 668
 -333
 -639
 -788
 2065
 -2202
 2397
 -3880
 2293
 1195
 -3166
 624
 1093
 -588
 -2011
 2975
 -2953
 1219
 213
 -282
 -1050
 1563
 -1407
 -371
 1198
 -153
 -2974
 3369
 -1186
 -1858
 2550
 -1532
 634
 -1824
 2905
 -3689
 3033
 -835
 -2660
 4002
 -2800
 1168
 -1603
 1844
 -1382
 -187
 1206
 -1318
 254
 879
 -1747
 1666
 -1114
 1053
 -1399
 -10
 1882
 -1343
 -1343
 2595
 -680
 -2402
 2701
 -1246
 556
 -235
 -995
 1161
 349
 -829
 -1345
 3819
 -3910
 515
 3479
 -4798
 1938
 2482
 -3778
 -646
 5765
 -5460
 -499
 5540
 -4947
 689
 1444
 698
 -4033
 3407
 -410
 -563
 -1641
 3352
 -1954
 -2823
 4179
 260
 -3527
 522
 3330
 -1662
 -3229
 4294
 -978
 -2566
 2822
 -744
 -1213
 1683
 -1373
 366
 1987
 -3808
 3607
 -2011
 1500
 -1275
 -53
 579
 757
 -2508
 1338
 2159
 -2993
 1215
 47
 2065
 -3735
 2582
 186
 -1005
 -903
 3641
 -2783
 -571
 3909
 -3823
 1925
 -580
 655
 -1667
 4213
 -4988
 2894
 1089
 -3297
 2303
 230
 -274
 -2277
 3828
 -1416
 -465
 222
 485
 528
 -2392
 3788
 -3731
 3135
 -625
 -1926
 2703
 118
 -2022
 -70
 2788
 -3408
 4247
 -3744
 434
 3581
 -3642
 909
 407
 111
 -852
 1113
 -614
 -136
 413
 -201
 556
 -2593
 4226
 -4020
 1113
 1729
 -2885
 1225
 379
 -1297
 362
 -201
 732
 -1820
 1878
 -1569
 458
 305
 -2498
 2099
 977
 -4152
 896
 4672
 -6497
 985
 5089
 -5847
 936
 3165
 -4074
 556
 2979
 -3265
 -1922
 5725
 -3731
 -2236
 3139
 -986
 217
 -550
 -1790
 1589
 783
 -2177
 -1675
 4855
 -3706
 -48
 696
 -2022
 3892
 -4322
 2435
 -2640
 2146
 -584
 -388
 -1152
 203
 2701
 -3829
 420
 3518
 -2627
 -4835
 10043
 -5668
 -5366
 10285
 -6391
 -125
 4944
 -6938
 4066
 2072
 -4594
 -839
 6228
 -4190
 -2861
 8066
 -6599
 1695
 1534
 -2396
 1721
 -1275
 1682
 -1688
 1919
 -3153
 4236
 -3340
 120
 1344
 -325
 -533
 332
 2269
 -4486
 3245
 81
 -2270
 2941
 -1815
 -1203
 3875
 -3442
 2021
 -944
 2018
 -2562
 662
 732
 1011
 -2525
 3216
 -1617
 502
 1089
 -2002
 866
 3092
 -5728
 5976
 -3340
 468
 1708
 -686
 -1396
 1916
 -108
 -1835
 2227
 103
 -2426
 2659
 1053
 -5294
 4294
 2792
 -7835
 3135
 6669
 -9464
 3030
 4787
 -2704
 -6504
 12225
 -7886
 -1968
 8093
 -2619
 -6551
 7421
 183
 -5015
 2601
 1976
 -1785
 -2005
 3483
 -795
 -1241
 -172
 2293
 -3931
 5404
 -6117
 3938
 -842
 203
 -3514
 7221
 -5488
 -2015
 4729
 2057
 -9925
 7217
 4647
 -12294
 6798
 3896
 -6038
 -2942
 13130
 -12570
 -476
 10281
 -5570
 -7714
 10645
 -357
 -8315
 4362
 2778
 -3401
 -465
 1976
 -1114
 -1973
 5497
 -5681
 13
 3135
 783
 -6272
 5165
 305
 -5647
 4712
 -1060
 -652
 -2419
 6520
 -7320
 2108
 2052
 -1794
 -3506
 7392
 -5626
 -3442
 6452
 -210
 -6147
 2456
 5538
 -8973
 3288
 2599
 -3806
 -1088
 4576
 -2878
 -3234
 3462
 1929
 -7282
 4389
 4230
 -9143
 1725
 8755
 -10863
 50
 10704
 -7748
 -7138
 12267
 464
 -16724
 15461
 1784
 -16219
 10526
 10203
 -18791
 1497
 17759
 -9865
 -13300
 16842
 5072
 -21464
 14611
 5348
 -17160
 8325
 12086
 -17126
 -1866
 20716
 -10569
 -14975
 19861
 2395
 -18346
 7455
 12901
 -15441
 -476
 12463
 -5736
 -9498
 12161
 1899
 -13202
 5269
 11066
 -13399
 -914
 15110
 -8332
 -11768
 14634
 5691
 -16185
 2975
 12590
 -9236
 -4146
 10709
 -2596
 -8900
 9745
 3994
 -10221
 -1824
 13214
 -4471
 -9287
 7400
 7234
 -11794
 -1186
 14991
 -9449
 -6712
 13992
 -2249
 -14156
 12184
 6605
 -15804
 3067
 14764
 -11169
 -10370
 17161
 1028
 -16660
 8457
 8699
 -10027
 -918
 8361
 -2379
 -5777
 7339
 -2192
 -6000
 2761
 8104
 -8743
 -4954
 6677
 4400
 -11615
 -206
 7821
 -414
 -8088
 1597
 8674
 -7188
 -2005
 6061
 1555
 -7537
 1636
 8610
 -5219
 -4726
 8036
 1827
 -11027
 4723
 11457
 -10588
 -6051
 12144
 1942
 -11384
 1648
 11019
 -9287
 -3901
 10840
 -4866
 -6627
 4708
 5544
 -8309
 -2895
 10604
 -6232
 -5222
 7464
 515
 -9589
 3568
 6762
 -5081
 -5477
 5068
 5929
 -10824
 -1156
 10285
 -4044
 -7329
 6507
 994
 -5009
 732
 3977
 -2821
 -2358
 1916
 2255
 -3621
 957
 1742
 -1139
 -1802
 -472
 4555
 -2889
 -4465
 5812
 2448
 -7928
 67
 8474
 -5337
 -4041
 4617
 2527
 -5913
 -265
 5357
 387
 -6717
 2931
 3883
 -4316
 -180
 2969
 -893
 -1267
 -563
 2605
 -1114
 -1679
 2188
 162
 -3319
 2346
 1274
 -2878
 1042
 1695
 -472
 -1484
 -635
 1597
 1670
 -1917
 -2124
 3849
 226
 -2504
 90
 4057
 -2643
 -988
 828
 1185
 -676
 118
 834
 -714
 256
 1245
 -2066
 1334
 2272
 -2532
 -750
 3275
 -238
 -2830
 947
 3666
 -1275
 -3157
 2901
 -170
 -51
 1395
 -1526
 -286
 2486
 -1526
 -1037
 1534
 1423
 -1964
 273
 1674
 -238
 -2100
 1631
 1851
 -1977
 -2143
 1521
 2497
 -1701
 -856
 934
 1283
 -3000
 1504
 1300
 -2759
 1174
 3114
 -3387
 -1960
 4079
 137
 -3621
 1376
 1534
 -1654
 -2449
 4325
 909
 -3976
 -2239
 4066
 -184
 -3876
 336
 3602
 -1960
 -3031
 3041
 594
 -4418
 553
 3777
 -3714
 -2141
 4436
 -102
 -3939
 1614
 2150
 -2223
 -3115
 2459
 2486
 -3231
 -595
 2792
 -988
 -1730
 -714
 1933
 -342
 -1620
 460
 1938
 -2855
 -104
 4189
 -214
 -3282
 -363
 583
 -935
 953
 -1111
 -1046
 747
 -673
 -1718
 -414
 -306
 -1190
 183
 -867
 -408
 987
 841
 -1156
 -503
 511
 868
 -82
 679
 1640
 1076
 -282
 560
 1466
 407
 -363
 192
 1062
 -289
 298
 1045
 56
 -1107
 485
 9
 -1382
 -818
 1127
 90
 -1277
 -499
 732
 -418
 -1577
 -244
 556
 -486
 -421
 804
 -187
 -1094
 404
 458
 -788
 298
 726
 -210
 -19
 628
 0
 50
 120
 101
 192
 396
 336
 -65
 115
 107
 -410
 -167
 -53
 -218
 -214
 192
 237
 -163
 -329
 -393
 -95
 -104
 -405
 -357
 434
 570
 -167
 -367
 169
 732
 -218
 -459
 777
 794
 220
 230
 553
 505
 362
 426
 135
 509
 974
 373
 -91
 560
 498
 -146
 -221
 175
 149
 -172
 -61
 -19
 -320
 -354
 -248
 -435
 -469
 -342
 -206
 -384
 -303
 -23
 175
 -520
 -448
 43
 73
 -82
 111
 545
 332
 -108
 60
 294
 5
 -14
 205
 239
 35
 81
 200
 -82
 -354
 -187
 -771
 -580
 -159
 -567
 -697
 -418
 -835
 -935
 -978
 -903
 -716
 -893
 -867
 -461
 -172
 -503
 -269
 -44
 -240
 -257
 137
 322
 358
 634
 288
 256
 345
 485
 319
 443
 562
 424
 137
 356
 579
 137
 -44
 -23
 -87
 -380
 -119
 -40
 -125
 -255
 -357
 -697
 -663
 -595
 -680
 -750
 -710
 -720
 -852
 -805
 -822
 -897
 -978
 -1207
 -1005
 -903
 -941
 -697
 -546
 -822
 -893
 -540
 -622
 -588
 -146
 -187
 -367
 -142
 209
 16
 179
 556
 600
 587
 1206
 1542
 1534
 2021
 2222
 1987
 1868
 2405
 2710
 2867
 3145
 3492
 3335
 3450
 3781
 3641
 3496
 3169
 3135
 2894
 2609
 2986
 3383
 2812
 2150
 2157
 1950
 1497
 1674
 1198
 285
 107
 254
 1276
 5072
 5421
 1368
 -1373
 -3982
 -4037
 -2168
 -2704
 -4394
 -4250
 -5694
 -7754
 -8573
 -9685
 -10659
 -11605
 -14375
 -15736
 -12710
 -10157
 -9974
 -10731
 -11913
 -12155
 -10782
 -9963
 -7490
 -3842
 -2266
 -1539
 -6
 1674
 3822
 5739
 5761
 5642
 7068
 9107
 11015
 12582
 12459
 11542
 10183
 8619
 8080
 8253
 8440
 8236
 6830
 4791
 4087
 3692
 2408
 791
 -574
 -1518
 -1088
 -591
 -410
 570
 1563
 1347
 404
 424
 1072
 2095
 2718
 3692
 4525
 4961
 5182
 4929
 4447
 3941
 2992
 1882
 1844
 1967
 1466
 553
 -448
 -2124
 -3569
 -4673
 -5247
 -5579
 -5749
 -6123
 -6357
 -6691
 -6731
 -6514
 -6765
 -6674
 -6028
 -5213
 -4441
 -3178
 -2389
 -1900
 -1624
 -1356
 -1080
 -125
 875
 1293
 1814
 2210
 2176
 2055
 2174
 2208
 2269
 1793
 1525
 1704
 1317
 808
 471
 437
 9
 -544
 -227
 -510
 43
 -238
 -116
 64
 -278
 -359
 -631
 2055
 10909
 14468
 9650
 5259
 560
 2006
 5735
 5854
 2914
 3628
 2693
 226
 -2719
 -5226
 -6361
 -8135
 -14156
 -19035
 -15798
 -11911
 -10735
 -12953
 -16490
 -18278
 -16435
 -16724
 -14477
 -10102
 -6208
 -4784
 -3642
 -1522
 2418
 6177
 6354
 5637
 6728
 9990
 13802
 16549
 16243
 16095
 14336
 11634
 9401
 9048
 9497
 9680
 7366
 3845
 2435
 2074
 787
 -1886
 -4458
 -5970
 -5209
 -4907
 -4108
 -2143
 -455
 -886
 -1071
 -597
 1912
 4553
 5433
 6279
 7611
 8874
 9310
 10058
 10213
 10077
 8246
 6309
 5437
 5527
 4308
 2425
 132
 -1905
 -3893
 -5813
 -6867
 -7167
 -7948
 -9532
 -10323
 -10357
 -9627
 -9209
 -8981
 -8475
 -7172
 -6293
 -5175
 -3510
 -1768
 -1037
 -792
 -444
 698
 1840
 2244
 2588
 2867
 2752
 2255
 2095
 2106
 1963
 968
 9
 -227
 -108
 -690
 -1026
 -1437
 -2304
 -2732
 -3051
 -2694
 -2270
 -1515
 -2062
 -1913
 -631
 460
 -102
 -359
 -19
 4681
 11223
 16940
 18741
 12433
 7821
 4355
 5578
 6509
 7175
 5497
 4651
 2333
 -1158
 -4437
 -7839
 -11696
 -17047
 -21447
 -23007
 -19297
 -16161
 -15169
 -17292
 -19012
 -21204
 -19760
 -17961
 -13382
 -8326
 -3993
 -1122
 1980
 5433
 8633
 10564
 10519
 10183
 11247
 14438
 17040
 19204
 18297
 16312
 12352
 8718
 5535
 4270
 3522
 2656
 237
 -1964
 -3149
 -3840
 -5311
 -7312
 -8787
 -9164
 -7601
 -5532
 -2453
 719
 3162
 3509
 3896
 4861
 7213
 9745
 11957
 13924
 16358
 17223
 16540
 15446
 13849
 12216
 9205
 6265
 4226
 3203
 1801
 -421
 -3553
 -6806
 -10008
 -12842
 -14465
 -14350
 -13561
 -13034
 -12710
 -11971
 -10540
 -9330
 -8411
 -7167
 -5098
 -3200
 -1080
 1223
 3636
 5184
 5184
 4345
 4040
 4141
 3892
 3645
 3671
 3211
 2006
 668
 -503
 -1314
 -2372
 -3472
 -4135
 -4114
 -3795
 -3497
 -3506
 -3238
 -2991
 -3225
 -3242
 -2436
 -1471
 -782
 -27
 832
 1381
 1716
 2146
 2758
 3518
 3858
 4240
 4053
 4202
 3913
 3466
 4757
 9728
 13296
 13356
 9884
 4434
 1168
 1042
 981
 101
 -431
 -1666
 -3149
 -5909
 -9143
 -11448
 -12676
 -15998
 -19199
 -19828
 -17458
 -14105
 -12077
 -12285
 -12596
 -12043
 -11584
 -10174
 -7273
 -2983
 896
 3432
 4963
 7345
 9520
 10751
 10336
 9469
 8976
 9775
 10581
 11074
 10823
 9452
 7217
 4287
 1262
 -686
 -1241
 -1730
 -2415
 -3208
 -3327
 -2776
 -2249
 -2789
 -3068
 -2500
 -1369
 26
 2129
 4791
 7583
 9405
 10224
 10789
 11519
 12335
 12106
 12157
 12446
 11657
 10058
 8619
 6839
 5161
 2693
 -452
 -3166
 -5030
 -6950
 -8383
 -9130
 -9619
 -10367
 -11122
 -11690
 -10943
 -9702
 -8611
 -7563
 -5926
 -4216
 -2817
 -1294
 90
 1538
 2214
 2340
 2618
 3230
 3539
 3432
 2982
 2465
 1616
 515
 -642
 -1216
 -1798
 -2381
 -2806
 -3010
 -2783
 -2698
 -3055
 -3102
 -2925
 -2929
 -2379
 -1717
 -1162
 -527
 -167
 200
 451
 573
 889
 641
 977
 1704
 1953
 2829
 3267
 2754
 2227
 1551
 3862
 12123
 19317
 19747
 14119
 6088
 1236
 2565
 3454
 1767
 791
 696
 -486
 -3714
 -8522
 -11730
 -12957
 -17404
 -23439
 -25708
 -22861
 -18053
 -14511
 -14358
 -14469
 -13542
 -13283
 -13497
 -11454
 -6612
 -1020
 2860
 5085
 8127
 11906
 14362
 14166
 12106
 10234
 10224
 10662
 10992
 11210
 11210
 10394
 7923
 3428
 -595
 -2381
 -3297
 -4563
 -5643
 -5728
 -4216
 -2460
 -2226
 -2481
 -1930
 -1029
 -523
 311
 2533
 6380
 10030
 11889
 12739
 13407
 14047
 14272
 13696
 12963
 12497
 11944
 10768
 9095
 7273
 4810
 1649
 -1700
 -4724
 -6848
 -8428
 -9797
 -10859
 -11401
 -11747
 -11860
 -11924
 -11573
 -10782
 -9549
 -8165
 -6453
 -4377
 -2279
 -469
 889
 1853
 2599
 3024
 3143
 3335
 3543
 3394
 3007
 2429
 1580
 611
 -584
 -1734
 -2600
 -3208
 -3697
 -3888
 -3738
 -3391
 -3047
 -2953
 -2861
 -2738
 -2647
 -2185
 -1577
 -801
 268
 1059
 1478
 1768
 1793
 1699
 1563
 1113
 934
 1127
 1079
 1466
 1984
 1938
 2340
 2452
 2035
 1444
 339
 -1254
 1919
 11219
 16506
 17556
 11753
 4189
 2035
 2873
 353
 -1726
 -1379
 -567
 -673
 -4567
 -9279
 -9406
 -9113
 -14456
 -20283
 -22844
 -21714
 -18657
 -16856
 -16074
 -12009
 -8315
 -8356
 -10259
 -10059
 -6857
 -2534
 -401
 1151
 4842
 9703
 12931
 13728
 13135
 13211
 13411
 11797
 9443
 8053
 8633
 9975
 9694
 7460
 6075
 4940
 2803
 -252
 -3089
 -4431
 -3701
 -3455
 -3825
 -2821
 -625
 981
 1542
 1198
 1355
 2795
 4172
 4970
 6554
 9218
 11572
 13065
 12841
 12208
 11376
 9928
 7821
 6003
 4566
 3573
 2184
 437
 -1152
 -2483
 -4275
 -6508
 -8751
 -10344
 -10982
 -11380
 -11458
 -10591
 -9260
 -8190
 -7329
 -6684
 -5808
 -4730
 -3925
 -3153
 -1820
 -493
 679
 1649
 2405
 2969
 3173
 2663
 2023
 1514
 1015
 458
 107
 -65
 -138
 -272
 -693
 -1260
 -1756
 -2296
 -2755
 -2974
 -2959
 -2766
 -2470
 -2028
 -1518
 -1067
 -642
 -306
 -218
 -163
 33
 277
 596
 1161
 1631
 1989
 2316
 2303
 2265
 2418
 2405
 2205
 1806
 2027
 3938
 8072
 11716
 12382
 11379
 8046
 5327
 3313
 1738
 -503
 -1705
 -2566
 -3285
 -4516
 -6385
 -7744
 -8230
 -9929
 -12647
 -15519
 -17723
 -18570
 -18525
 -17662
 -15802
 -12562
 -9772
 -8237
 -7476
 -6276
 -4550
 -2872
 -2036
 -741
 970
 3284
 5285
 7034
 8827
 10909
 12280
 12187
 10998
 9635
 8721
 8083
 7217
 6662
 6669
 6635
 6394
 5725
 5059
 4596
 4162
 3160
 2004
 1223
 1059
 1266
 1785
 2497
 3641
 4753
 5506
 5854
 6146
 6496
 6679
 6435
 5922
 5510
 5204
 4983
 4502
 3930
 3315
 2520
 1491
 171
 -1175
 -2364
 -3489
 -4573
 -5536
 -6204
 -6644
 -6972
 -7154
 -7184
 -6972
 -6691
 -6419
 -6178
 -5847
 -5311
 -4730
 -4129
 -3463
 -2804
 -2168
 -1700
 -1284
 -937
 -697
 -561
 -554
 -622
 -710
 -750
 -727
 -669
 -567
 -503
 -563
 -635
 -690
 -710
 -748
 -697
 -642
 -537
 -374
 -187
 -6
 247
 409
 539
 689
 766
 862
 947
 977
 1053
 1053
 970
 798
 613
 392
 226
 166
 67
 -68
 -252
 -391
 -486
 -523
 -523
 -520
 -391
 -299
 -87
 222
 611
 1198
 1538
 1695
 1466
 1347
 1045
 917
 1138
 1364
 1508
 1300
 747
 387
 158
 188
 30
 -337
 -884
 -1598
 -2341
 -3021
 -3401
 -3435
 -3518
 -3840
 -4384
 -4930
 -5213
 -5332
 -5302
 -5260
 -5226
 -5260
 -5324
 -5366
 -5086
 -4488
 -3697
 -2976
 -2311
 -1701
 -1046
 -388
 237
 970
 1648
 2255
 2782
 3224
 3649
 4264
 5014
 5739
 6363
 6958
 7451
 7862
 8110
 8351
 8559
 8750
 8854
 8882
 8755
 8674
 8518
 8242
 7783
 7273
 6992
 6356
 5844
 5178
 4487
 3887
 2992
 2303
 1717
 1117
 573
 -238
 -1039
 -1756
 -2415
 -3059
 -3655
 -4139
 -4648
 -5236
 -5794
 -6229
 -6463
 -6646
 -6816
 -6929
 -7086
 -7188
 -7222
 -7103
 -6929
 -6663
 -6436
 -6253
 -6055
 -5808
 -5404
 -4849
 -4316
 -3812
 -3391
 -3004
 -2579
 -2104
 -1675
 -1229
 -822
 -486
 -204
 33
 366
 749
 1100
 1330
 1599
 1750
 1870
 1929
 2027
 2125
 2248
 2378
 2448
 2429
 2448
 2499
 2537
 2554
 2490
 2429
 2303
 2191
 2055
 1885
 1699
 1525
 1347
 1144
 798
 766
 804
 1181
 1682
 1955
 2065
 1351
 800
 234
 94
 502
 723
 892
 630
 -102
 -571
 -835
 -465
 -125
 -421
 -1311
 -2330
 -3225
 -3901
 -4309
 -4275
 -4339
 -4754
 -5630
 -6517
 -6925
 -6882
 -6627
 -6531
 -6612
 -6763
 -6882
 -6833
 -6442
 -5549
 -4360
 -3336
 -2559
 -1939
 -1220
 -286
 709
 1716
 2541
 3237
 3849
 4372
 4885
 5599
 6530
 7494
 8191
 8670
 9027
 9344
 9507
 9605
 9686
 9779
 9771
 9618
 9222
 8865
 8463
 8127
 7719
 7315
 6983
 6469
 5861
 5085
 4240
 3598
 2945
 2310
 1538
 638
 -265
 -1105
 -1852
 -2515
 -2993
 -3463
 -4139
 -4937
 -5702
 -6253
 -6595
 -6895
 -7112
 -7333
 -7493
 -7643
 -7720
 -7571
 -7239
 -6918
 -6763
 -6725
 -6687
 -6525
 -6204
 -5745
 -5256
 -4792
 -4431
 -4080
 -3687
 -3195
 -2664
 -2092
 -1666
 -1294
 -1016
 -697
 -269
 154
 583
 981
 1330
 1695
 2031
 2367
 2680
 2979
 3179
 3233
 3241
 3262
 3301
 3330
 3315
 3275
 3186
 2996
 2803
 2584
 2303
 2006
 1665
 1304
 1053
 834
 781
 658
 434
 319
 336
 709
 1444
 2095
 2395
 1904
 1096
 570
 305
 866
 1364
 1597
 1461
 468
 -350
 -809
 -472
 98
 -51
 -1105
 -2593
 -3905
 -4777
 -5270
 -5345
 -5370
 -5706
 -6627
 -7714
 -8309
 -8064
 -7425
 -7003
 -7035
 -7222
 -7323
 -7223
 -6765
 -5723
 -4271
 -2974
 -2117
 -1615
 -1005
 -2
 1157
 2244
 3126
 3734
 4260
 4708
 5153
 5875
 6860
 7866
 8589
 8954
 9214
 9497
 9765
 9939
 10071
 10145
 10092
 9822
 9397
 8950
 8597
 8270
 7896
 7362
 6864
 6388
 5782
 5123
 4281
 3445
 2673
 1878
 1130
 226
 -665
 -1450
 -2175
 -2800
 -3395
 -3840
 -4333
 -4975
 -5668
 -6253
 -6623
 -6810
 -7078
 -7316
 -7544
 -7703
 -7733
 -7703
 -7546
 -7261
 -7074
 -6986
 -6959
 -6806
 -6538
 -6170
 -5745
 -5370
 -4916
 -4499
 -4024
 -3421
 -2800
 -2158
 -1649
 -1213
 -829
 -442
 43
 579
 1121
 1602
 2018
 2395
 2741
 3075
 3369
 3603
 3777
 3798
 3705
 3624
 3530
 3475
 3398
 3271
 3109
 2924
 2642
 2357
 2006
 1793
 1631
 1446
 1429
 1300
 1066
 960
 808
 1228
 1857
 2863
 3398
 3264
 2191
 1359
 889
 1104
 1661
 1895
 1738
 977
 -354
 -1043
 -1090
 -323
 -40
 -907
 -2674
 -4386
 -5522
 -6093
 -6283
 -6187
 -6344
 -7121
 -8366
 -9330
 -9202
 -8309
 -7495
 -7278
 -7507
 -7731
 -7716
 -7350
 -6415
 -4979
 -3535
 -2545
 -2032
 -1530
 -612
 787
 2197
 3366
 4073
 4519
 4906
 5378
 5948
 6866
 7855
 8687
 9035
 9188
 9361
 9765
 10132
 10364
 10386
 10264
 9854
 9252
 8606
 8242
 8240
 8297
 8130
 7557
 6796
 5952
 5365
 4898
 4610
 4206
 3462
 2357
 1123
 67
 -476
 -795
 -1162
 -1913
 -2929
 -3939
 -4696
 -5264
 -5566
 -5872
 -6272
 -7031
 -7880
 -8447
 -8600
 -8437
 -8271
 -8264
 -8411
 -8600
 -8581
 -8326
 -7852
 -7290
 -6857
 -6644
 -6493
 -6208
 -5638
 -4849
 -4027
 -3293
 -2745
 -2345
 -1869
 -1288
 -635
 -10
 545
 926
 1168
 1415
 1819
 2354
 2871
 3279
 3526
 3645
 3700
 3756
 3794
 3819
 3802
 3679
 3505
 3281
 3148
 3097
 2941
 2771
 2431
 2146
 1929
 1750
 1742
 1670
 1483
 1480
 1429
 1987
 3063
 3951
 4355
 3432
 1987
 1368
 985
 1682
 2201
 2150
 1857
 511
 -612
 -927
 -401
 488
 118
 -1526
 -3616
 -5185
 -5953
 -6361
 -6459
 -6559
 -7180
 -8322
 -9572
 -9963
 -9219
 -8267
 -7792
 -8090
 -8530
 -8679
 -8373
 -7665
 -6602
 -5243
 -4074
 -3367
 -2783
 -2022
 -608
 1038
 2435
 3383
 3921
 4423
 5063
 5637
 6360
 7277
 8191
 8861
 9091
 9327
 9786
 10394
 10832
 11040
 11062
 10909
 10458
 9822
 9197
 8888
 8648
 8406
 7987
 7526
 7136
 6747
 6373
 6033
 5455
 4808
 3798
 2748
 1819
 770
 73
 -629
 -1254
 -1862
 -2736
 -3353
 -3871
 -4431
 -5009
 -5757
 -6449
 -7184
 -7924
 -8509
 -8879
 -8973
 -9066
 -9209
 -9209
 -9155
 -8906
 -8688
 -8464
 -8173
 -7928
 -7660
 -7371
 -6946
 -6317
 -5641
 -4886
 -4203
 -3493
 -2813
 -2158
 -1464
 -829
 -272
 217
 658
 1093
 1546
 1972
 2482
 2928
 3301
 3602
 3824
 4066
 4247
 4338
 4349
 4264
 4175
 4002
 3866
 3713
 3492
 3126
 3148
 3213
 3352
 2843
 1997
 1623
 1483
 1542
 1784
 2112
 2371
 2720
 3501
 4053
 4223
 2941
 2074
 1415
 1245
 1793
 1665
 1585
 1157
 -193
 -795
 -961
 -138
 336
 -859
 -2840
 -4794
 -5909
 -6517
 -7054
 -7357
 -7733
 -8688
 -9895
 -10978
 -10620
 -9500
 -8479
 -8437
 -8981
 -9347
 -9164
 -8532
 -7533
 -6412
 -5168
 -4390
 -3820
 -3204
 -2053
 -184
 1678
 3071
 3802
 4232
 4915
 5688
 6411
 7319
 8104
 8803
 9044
 9112
 9401
 10101
 10900
 11478
 11651
 11640
 11332
 10896
 10279
 9867
 9571
 9244
 8648
 7923
 7230
 6771
 6503
 6490
 6394
 5931
 5085
 3934
 3037
 2210
 1368
 522
 -354
 -1277
 -2266
 -3214
 -3667
 -3816
 -4029
 -4730
 -5556
 -6361
 -7048
 -7733
 -8309
 -8709
 -9011
 -9406
 -9800
 -9925
 -9729
 -9317
 -8977
 -8688
 -8505
 -8322
 -8073
 -7710
 -7146
 -6521
 -5970
 -5332
 -4730
 -4010
 -3276
 -2487
 -1624
 -873
 -306
 175
 628
 1212
 1712
 2163
 2605
 3033
 3386
 3671
 3909
 4213
 4494
 4638
 4655
 4572
 4451
 4294
 4147
 4015
 3907
 3654
 3386
 3003
 2718
 2510
 2323
 2222
 2171
 1848
 1599
 1559
 2052
 3517
 4889
 5285
 4461
 2142
 1259
 774
 1444
 2244
 1921
 1678
 288
 -1243
 -1373
 -761
 896
 753
 -1141
 -3735
 -5711
 -6463
 -6850
 -7291
 -7716
 -8526
 -9647
 -11044
 -11781
 -10876
 -9464
 -8441
 -8785
 -9402
 -9596
 -9074
 -8243
 -7239
 -6236
 -5107
 -4554
 -4080
 -3723
 -2328
 -142
 2023
 3343
 4128
 4865
 6088
 6886
 7540
 8008
 8701
 9146
 8989
 8657
 8784
 9561
 10573
 11261
 11604
 11787
 11814
 11665
 11185
 10738
 10241
 9663
 8780
 7794
 6849
 6231
 5973
 6135
 6271
 6339
 6180
 5776
 5344
 4383
 2975
 1355
 -359
 -1641
 -3306
 -4488
 -5507
 -6195
 -6395
 -7031
 -7660
 -7901
 -8447
 -8977
 -9936
 -10837
 -11454
 -11628
 -11649
 -11452
 -10837
 -9908
 -8985
 -7877
 -7027
 -6106
 -5236
 -4639
 -4186
 -3891
 -3569
 -3095
 -2534
 -1920
 -1360
 -663
 22
 645
 1215
 1565
 1942
 2259
 2414
 2401
 2397
 2446
 2642
 2714
 2803
 2871
 3007
 3135
 3196
 3128
 3118
 3020
 2890
 2707
 2397
 2082
 1921
 1616
 1461
 1432
 1717
 2129
 2888
 3454
 4494
 6832
 9265
 11808
 12323
 11009
 8321
 5908
 3794
 974
 -724
 -2634
 -4224
 -5651
 -8853
 -10637
 -9636
 -7771
 -6527
 -8098
 -10582
 -12256
 -12355
 -12634
 -13263
 -12940
 -11743
 -10976
 -10503
 -10663
 -8662
 -4733
 -1280
 -91
 -210
 -193
 749
 1623
 1487
 1002
 1585
 2333
 2289
 1738
 1593
 3165
 5382
 6405
 6061
 5555
 5616
 5837
 5157
 4215
 3734
 4192
 4451
 4162
 4026
 5089
 7136
 9078
 9948
 10330
 10547
 10709
 10309
 9341
 8361
 7777
 7234
 6499
 5705
 5184
 5201
 5691
 5744
 5161
 4257
 3281
 2312
 1457
 -138
 -1628
 -3195
 -4543
 -6028
 -7112
 -7750
 -7710
 -7031
 -7193
 -7537
 -7648
 -7863
 -7544
 -7418
 -7584
 -7218
 -6782
 -6327
 -5783
 -4886
 -3704
 -2440
 -1764
 -1845
 -2300
 -2572
 -3034
 -3310
 -3740
 -4050
 -4037
 -3891
 -3621
 -3055
 -2198
 -1186
 -459
 -87
 -48
 188
 624
 1123
 1687
 2205
 2820
 3415
 3858
 4141
 4379
 4430
 4308
 3669
 2812
 2048
 1334
 1028
 760
 477
 396
 570
 621
 658
 590
 407
 526
 821
 906
 1157
 1687
 2697
 6024
 11859
 16481
 19323
 17169
 13394
 9392
 6577
 732
 -5664
 -10353
 -13684
 -14843
 -17475
 -21019
 -19701
 -14494
 -10493
 -10112
 -13029
 -14588
 -13236
 -11607
 -13215
 -13619
 -10484
 -5898
 -3000
 -1794
 -557
 5259
 10989
 11814
 8036
 4587
 2860
 2074
 -829
 -4703
 -5794
 -3238
 -1492
 -1260
 -1118
 1514
 5858
 8164
 6475
 4232
 3913
 4855
 4542
 3390
 3709
 6815
 10479
 12148
 12442
 13626
 15633
 16375
 14230
 10577
 7777
 6071
 4304
 2061
 760
 1508
 3364
 4427
 4368
 4179
 4317
 4111
 2452
 -537
 -3200
 -4781
 -5545
 -5473
 -4696
 -2453
 651
 2537
 2837
 1361
 -121
 -2279
 -4346
 -7707
 -9889
 -10846
 -10605
 -9704
 -8322
 -6412
 -3667
 -1869
 -1560
 -2600
 -3808
 -4911
 -5760
 -6653
 -6972
 -6317
 -4801
 -3540
 -2232
 -914
 396
 1257
 930
 -235
 -1394
 -1985
 -2117
 -1917
 -1263
 -102
 1378
 2618
 3339
 3798
 4147
 4141
 3500
 2391
 1327
 681
 441
 468
 519
 828
 1106
 1045
 824
 604
 549
 573
 553
 247
 47
 -53
 -51
 -289
 -187
 81
 502
 1185
 1831
 2197
 2812
 3730
 6843
 14119
 19700
 21879
 17263
 10577
 5335
 2741
 -3569
 -11543
 -16261
 -18100
 -16639
 -17428
 -20558
 -18729
 -11267
 -5936
 -6015
 -10293
 -12592
 -10497
 -7461
 -9141
 -9966
 -5607
 953
 4383
 4351
 2843
 6367
 10853
 9205
 1827
 -4016
 -6059
 -5502
 -6578
 -9117
 -8199
 -2226
 2286
 3114
 2507
 4062
 7715
 9358
 6163
 2527
 2639
 5365
 6813
 6758
 7557
 11155
 15029
 15236
 12320
 10166
 9646
 8657
 5382
 1457
 56
 1514
 3114
 3539
 4113
 6316
 8810
 9107
 6788
 4026
 2286
 1059
 -1056
 -3714
 -4743
 -3459
 -1573
 302
 1389
 2490
 2871
 1602
 -1913
 -5183
 -7112
 -8343
 -8968
 -9555
 -9083
 -6867
 -4224
 -2772
 -2005
 -1777
 -2011
 -3078
 -5158
 -7393
 -7835
 -7257
 -6338
 -5370
 -4159
 -2878
 -1348
 -941
 -1275
 -1607
 -1709
 -2100
 -2568
 -2925
 -2287
 -748
 851
 1751
 2429
 2829
 2880
 2350
 1457
 532
 322
 264
 137
 192
 777
 1582
 2259
 2337
 1891
 1415
 1011
 349
 -70
 -163
 154
 783
 1164
 883
 764
 549
 502
 56
 -461
 -750
 -886
 -550
 336
 1106
 2089
 4281
 10251
 18256
 23383
 22877
 14778
 7630
 3322
 -172
 -8241
 -15441
 -19378
 -18389
 -15264
 -16308
 -18198
 -13691
 -6831
 -3574
 -6085
 -11254
 -12647
 -8787
 -6691
 -8356
 -7329
 -1394
 4978
 7828
 5795
 3522
 6214
 7974
 3179
 -4716
 -9542
 -9529
 -7035
 -6721
 -7588
 -4282
 2395
 6146
 5844
 4232
 4885
 7477
 7719
 4040
 1632
 3654
 7713
 9745
 9769
 10200
 12761
 14659
 12524
 7872
 4978
 4355
 3794
 1784
 81
 1245
 4872
 7560
 7906
 7696
 8623
 9244
 7594
 3832
 498
 -737
 -927
 -1994
 -3382
 -3170
 -1413
 -53
 -274
 -1226
 -295
 2021
 2435
 -493
 -3905
 -6249
 -6161
 -6389
 -7629
 -7952
 -5804
 -4407
 -4448
 -5158
 -5668
 -4981
 -4503
 -5974
 -7554
 -7673
 -6814
 -5651
 -4703
 -3772
 -1930
 -153
 -255
 -1496
 -2066
 -1852
 -1447
 -1335
 -1849
 -1688
 -676
 247
 658
 1089
 1636
 1970
 1395
 264
 -476
 -74
 794
 1347
 1610
 2040
 2531
 2839
 2537
 1919
 1538
 1334
 420
 -659
 -910
 -340
 239
 494
 239
 -19
 220
 52
 -452
 -1345
 -1088
 -799
 -354
 1072
 1616
 2395
 4332
 10981
 20355
 26425
 26606
 16058
 6575
 1751
 -1016
 -9236
 -17077
 -21910
 -20730
 -15339
 -15394
 -18283
 -14171
 -6436
 -2872
 -5098
 -11414
 -13912
 -8590
 -4414
 -6008
 -5422
 698
 7511
 10441
 7230
 1801
 2956
 5065
 271
 -8190
 -12847
 -11911
 -6993
 -4431
 -5047
 -2351
 4644
 8263
 6915
 3904
 3349
 5929
 7519
 4434
 2031
 4753
 10013
 12471
 11776
 10285
 10896
 11855
 9171
 3652
 770
 1402
 2850
 2735
 2252
 4002
 8215
 11062
 10268
 8121
 7481
 7322
 5510
 1938
 -924
 -1141
 183
 101
 -1345
 -1654
 -214
 590
 -612
 -2630
 -3225
 -1798
 -1566
 -2851
 -4601
 -3884
 -2164
 -1717
 -3140
 -4139
 -4129
 -4214
 -5230
 -6997
 -7835
 -7137
 -6500
 -6785
 -6972
 -6293
 -4801
 -3908
 -4214
 -4420
 -3574
 -2545
 -2256
 -2223
 -1696
 -448
 868
 1079
 468
 264
 302
 -108
 -801
 -1471
 -1437
 -782
 -359
 -255
 336
 1296
 1955
 2112
 1674
 1423
 1576
 1814
 1563
 1296
 1364
 1548
 1504
 1130
 658
 217
 5
 -189
 -795
 -1016
 -1090
 -1046
 -941
 -927
 -975
 -44
 -323
 -459
 -444
 220
 607
 1848
 5776
 17206
 27108
 30723
 22422
 9214
 2350
 1372
 -3986
 -15396
 -22461
 -24170
 -17540
 -13776
 -16381
 -16856
 -8373
 -2124
 -2559
 -9712
 -14816
 -12104
 -3918
 -2942
 -4777
 -1496
 6924
 11559
 10543
 2922
 -342
 2057
 1334
 -7273
 -14020
 -14377
 -8216
 -2447
 -1543
 -2311
 2635
 7981
 8117
 3926
 1351
 2775
 6575
 6526
 3686
 4130
 9735
 14056
 13809
 10275
 7821
 7917
 7407
 3109
 -795
 -431
 3101
 5531
 5701
 5790
 8542
 11791
 11627
 7876
 4898
 4542
 4689
 2924
 383
 -274
 1534
 2718
 1025
 -1624
 -2253
 -1462
 -2045
 -4159
 -5583
 -4275
 -986
 821
 -53
 -469
 98
 -104
 -1794
 -4584
 -6797
 -6700
 -6423
 -7537
 -7652
 -6627
 -5302
 -4471
 -4873
 -5936
 -5638
 -5192
 -5528
 -5668
 -4675
 -3010
 -1046
 35
 162
 545
 1106
 485
 -631
 -1617
 -2070
 -1971
 -1769
 -1832
 -1258
 -116
 553
 539
 353
 183
 522
 740
 753
 1015
 1936
 2707
 3077
 2958
 2524
 2027
 1444
 451
 -472
 -958
 -1043
 -1101
 -992
 -716
 -91
 281
 519
 -187
 -750
 -1411
 -1564
 -1518
 -1277
 -442
 577
 2095
 2516
 2367
 6966
 19402
 27631
 29830
 17822
 3003
 -2847
 -1479
 -6816
 -15917
 -21030
 -21413
 -13867
 -10127
 -14333
 -15396
 -7979
 -4050
 -5796
 -11683
 -15583
 -10718
 -693
 1093
 -622
 2575
 8484
 10383
 7679
 -1258
 -5417
 -2555
 -2058
 -8094
 -11543
 -9844
 -3421
 2388
 2548
 -204
 2125
 5318
 4528
 1270
 260
 2907
 8249
 10016
 7868
 7528
 11210
 13118
 11077
 6245
 2710
 2839
 4158
 2718
 1461
 3445
 7404
 9460
 8555
 6643
 6966
 8512
 7804
 4519
 2622
 3686
 5535
 5301
 3349
 1980
 2286
 1699
 -1590
 -5179
 -5638
 -4010
 -3008
 -3149
 -3064
 -595
 2503
 3501
 749
 -948
 -2266
 -3485
 -5404
 -7010
 -7686
 -5909
 -4526
 -4920
 -5430
 -5069
 -5086
 -5536
 -6657
 -7478
 -6772
 -5137
 -4169
 -3008
 -1543
 39
 868
 556
 -767
 -1683
 -1896
 -2134
 -2307
 -1926
 -1124
 -286
 56
 -163
 -401
 -397
 -371
 -567
 -631
 -31
 943
 1972
 2769
 3288
 3560
 3488
 2571
 1321
 420
 -99
 -316
 -197
 -265
 -176
 -65
 -206
 -472
 -452
 -340
 -731
 -1067
 -1213
 -1696
 -1803
 -1043
 -765
 -150
 498
 220
 373
 2074
 1253
 2129
 11172
 22987
 28917
 26942
 9888
 -1951
 -4241
 -2953
 -10829
 -17122
 -21782
 -18062
 -10404
 -8947
 -14397
 -12341
 -6755
 -5324
 -9172
 -14156
 -15492
 -6389
 2312
 2986
 1708
 5663
 8763
 9022
 3318
 -5086
 -7286
 -3514
 -3944
 -7809
 -8951
 -5247
 913
 4881
 2548
 -455
 913
 3058
 2055
 545
 1287
 5663
 10874
 11957
 9337
 8738
 10500
 10590
 7328
 2693
 481
 2435
 4763
 4851
 4630
 6584
 9150
 9497
 7019
 4657
 4787
 6295
 6024
 4311
 3960
 5867
 7451
 6373
 3349
 1070
 -34
 -1717
 -4713
 -6708
 -5532
 -2542
 -825
 -614
 -435
 1461
 2482
 2091
 -1005
 -3129
 -3752
 -4478
 -5294
 -5443
 -4703
 -3942
 -3633
 -5015
 -6623
 -7010
 -6969
 -7384
 -7359
 -6408
 -4907
 -2959
 -1734
 -1220
 -812
 -580
 -1097
 -2075
 -2534
 -2447
 -1739
 -961
 -540
 -138
 149
 -142
 -961
 -1666
 -1920
 -1577
 -1162
 -414
 560
 1750
 2684
 3182
 3033
 2693
 2214
 1432
 583
 298
 341
 685
 740
 536
 183
 -53
 -274
 -727
 -958
 -924
 -652
 -510
 -342
 -316
 60
 254
 39
 -27
 -1182
 -1535
 -1852
 -1666
 -673
 175
 290
 288
 7358
 19730
 28526
 30129
 15382
 923
 -5698
 -3990
 -6810
 -12660
 -17995
 -16732
 -10017
 -6755
 -11118
 -14477
 -11860
 -8906
 -10061
 -14312
 -16355
 -9766
 906
 6275
 5174
 5082
 6917
 7417
 3705
 -3969
 -8284
 -5715
 -1637
 -1777
 -3978
 -3744
 -184
 3262
 2333
 -1988
 -3976
 -2049
 362
 1232
 2289
 5812
 11009
 13754
 11787
 7998
 6564
 7005
 6354
 3768
 1844
 3233
 6486
 8232
 7502
 6346
 6516
 6639
 4834
 2346
 1938
 4213
 6818
 7679
 7230
 7319
 7923
 6866
 3488
 -57
 -2041
 -2728
 -3468
 -4326
 -4199
 -2430
 -758
 -935
 -2270
 -3047
 -2861
 -591
 4345
 5982
 4640
 655
 -4767
 -7006
 -7765
 -8124
 -8734
 -7150
 -7172
 -7533
 -6721
 -5277
 -5638
 -5549
 -5573
 -6204
 -6219
 -4486
 -2379
 -248
 1480
 2346
 1789
 740
 -1428
 -2912
 -3289
 -2787
 -2053
 -1033
 -495
 -374
 -312
 -133
 -499
 -588
 -371
 -278
 -36
 1045
 2429
 3726
 4427
 4383
 3264
 1823
 477
 -554
 -918
 -512
 98
 849
 1223
 1100
 590
 169
 -231
 -731
 -927
 -1016
 -954
 -465
 213
 1134
 1644
 1253
 -136
 -1752
 -2830
 -2957
 -2993
 -2015
 2786
 16175
 27520
 32766
 22202
 5480
 -5485
 -7724
 -6425
 -10501
 -13797
 -14392
 -9117
 -5188
 -6725
 -12557
 -14142
 -13131
 -12508
 -15468
 -17619
 -14269
 -3706
 5731
 8695
 6322
 5110
 3909
 1823
 -3446
 -7884
 -7146
 -1679
 2214
 1844
 -255
 -193
 1242
 1351
 -2406
 -6276
 -6480
 -2891
 1038
 4011
 6730
 10224
 12620
 11770
 7685
 4073
 3332
 4657
 5633
 5773
 6594
 8827
 10420
 9890
 7294
 4729
 3313
 2422
 1704
 2142
 4321
 7404
 9520
 9762
 8410
 6594
 4468
 1933
 -363
 -1590
 -1671
 -1241
 -733
 -384
 -240
 -418
 -1073
 -2287
 -2959
 -4007
 -3990
 -3646
 -2189
 -659
 400
 356
 -969
 -2698
 -4856
 -6072
 -6483
 -5994
 -5434
 -4679
 -4656
 -4741
 -5001
 -5298
 -5845
 -6170
 -6338
 -5859
 -4703
 -3098
 -1679
 -374
 285
 281
 -303
 -1005
 -1420
 -1328
 -778
 -159
 336
 498
 298
 -150
 -635
 -935
 -880
 -595
 -119
 458
 1072
 1699
 2123
 2261
 1955
 1531
 1045
 713
 832
 1134
 1695
 2112
 2225
 1687
 730
 -87
 -822
 -1267
 -1430
 -1233
 -714
 -299
 -85
 -51
 -91
 -308
 -408
 -1246
 -1658
 -2194
 -1968
 -782
 281
 902
 766
 2962
 11074
 20036
 25990
 20920
 7815
 -2664
 -7499
 -4886
 -5234
 -5757
 -7631
 -7274
 -6531
 -8328
 -12307
 -14507
 -15292
 -13799
 -13823
 -13423
 -11771
 -5842
 821
 5063
 4766
 3037
 392
 -1158
 -2449
 -2406
 -359
 2805
 4698
 4164
 1925
 162
 -1331
 -2307
 -4095
 -5141
 -4435
 -2036
 760
 3020
 5157
 7053
 7409
 6082
 3686
 2701
 3972
 6414
 8450
 9618
 10383
 10747
 9888
 7900
 5438
 3958
 3530
 3400
 3417
 4253
 5895
 7341
 7396
 6214
 4477
 2996
 1555
 336
 13
 791
 1848
 2125
 1342
 205
 -890
 -1971
 -3435
 -4792
 -5230
 -4199
 -506
 3160
 4130
 2057
 -2864
 -5855
 -7982
 -7099
 -6083
 -4080
 -2653
 -3153
 -3621
 -3876
 -4862
 -6068
 -7697
 -7937
 -7631
 -6391
 -4692
 -2466
 -733
 -155
 -1039
 -2083
 -3438
 -3927
 -2936
 -971
 889
 1885
 2082
 1593
 390
 -754
 -1633
 -1683
 -1433
 -839
 90
 1178
 1902
 2099
 1776
 1274
 400
 -142
 -99
 630
 1908
 3213
 3900
 3907
 2758
 1478
 234
 -608
 -863
 -741
 26
 604
 862
 562
 -112
 -880
 -1815
 -2168
 -2219
 -1641
 -737
 -36
 254
 -459
 -421
 -699
 -44
 -325
 -6
 4011
 11893
 19632
 21450
 13779
 3751
 -4822
 -4899
 -3297
 -1254
 -1158
 -3042
 -4462
 -6680
 -9011
 -10722
 -12202
 -12970
 -14592
 -15471
 -14533
 -10620
 -4622
 -359
 740
 -591
 -2358
 -3570
 -3676
 -2800
 -223
 3054
 5572
 5858
 4528
 2914
 1751
 845
 -682
 -2432
 -2902
 -1798
 488
 2231
 3182
 3636
 3483
 2667
 1174
 373
 1461
 3790
 6530
 8406
 9561
 10245
 10135
 9184
 7642
 6405
 5982
 6143
 6445
 6747
 7404
 7970
 7662
 6258
 4145
 2380
 1212
 477
 175
 502
 1236
 1627
 1106
 -65
 -1377
 -2362
 -3197
 -3721
 -3774
 -3170
 -2168
 -1175
 -608
 -625
 -1328
 -2498
 -3638
 -4118
 -3952
 -3246
 -2542
 -2341
 -2670
 -3489
 -4312
 -5052
 -5566
 -6042
 -6249
 -6093
 -5590
 -4815
 -4003
 -3527
 -3446
 -3757
 -3956
 -3908
 -3391
 -2545
 -1549
 -635
 -31
 149
 152
 -2
 -99
 -204
 -133
 107
 475
 977
 1361
 1576
 1551
 1378
 1240
 1155
 1147
 1140
 1317
 1661
 2021
 2222
 2140
 1840
 1446
 1147
 902
 783
 808
 892
 970
 900
 681
 447
 203
 84
 -70
 -201
 -306
 -493
 -495
 -601
 -648
 -710
 -1029
 -1260
 -1624
 -1650
 -1441
 -1173
 -1054
 -741
 730
 3118
 5880
 6262
 4553
 651
 -1654
 -1128
 1106
 3658
 3434
 1245
 -1173
 -2912
 -2449
 -1471
 -714
 -958
 -2949
 -4475
 -5481
 -4180
 -2355
 -1128
 -1688
 -3450
 -5090
 -5264
 -4403
 -2940
 -2559
 -2670
 -3523
 -3552
 -3110
 -1934
 -920
 -240
 -427
 -761
 -873
 16
 1359
 2361
 2333
 1865
 1619
 2261
 3030
 3703
 3883
 3794
 3815
 3815
 4062
 4549
 4940
 4991
 4457
 3836
 3577
 3907
 4287
 4332
 4087
 3845
 3913
 4111
 4215
 4189
 3992
 3785
 3450
 3179
 3077
 3114
 3111
 2822
 2316
 1899
 1572
 1202
 719
 220
 -153
 -427
 -693
 -975
 -1250
 -1433
 -1564
 -1709
 -1509
 -1532
 -2134
 -3027
 -4216
 -3706
 -3382
 -3078
 -3144
 -3942
 -4486
 -5128
 -5587
 -4801
 -4690
 -4414
 -5253
 -5660
 -5532
 -5018
 -4537
 -4397
 -4567
 -4724
 -4996
 -4505
 -3772
 -2725
 -2372
 -2277
 -2341
 -2036
 -1624
 -1033
 -476
 -48
 120
 305
 726
 1402
 1955
 2123
 1885
 1750
 1666
 1904
 2299
 2582
 2948
 3013
 3030
 3060
 3071
 3139
 2914
 2588
 2786
 2714
 2775
 2629
 2537
 2388
 1997
 1627
 1334
 1228
 1038
 730
 471
 213
 183
 9
 -512
 -765
 -1043
 69
 2337
 3805
 4366
 1491
 152
 502
 2979
 5148
 3994
 1219
 -761
 -1611
 169
 828
 1393
 0
 -1968
 -3944
 -4937
 -4369
 -3429
 -3418
 -4916
 -7656
 -9379
 -9277
 -7476
 -6221
 -6833
 -8566
 -9787
 -9079
 -7418
 -5524
 -4624
 -4333
 -4656
 -4471
 -3697
 -1692
 298
 1317
 926
 424
 832
 2741
 4372
 5391
 5229
 5131
 5340
 6092
 6873
 7625
 7845
 7706
 7085
 6728
 6937
 7600
 7961
 7662
 6949
 6601
 6796
 7149
 7009
 6577
 6067
 5731
 5493
 5140
 4963
 4793
 4413
 3737
 3007
 2578
 2276
 1742
 917
 67
 -376
 -578
 -809
 -1233
 -1701
 -2253
 -2878
 -3578
 -4180
 -4312
 -4624
 -5039
 -5545
 -5811
 -5706
 -5879
 -6221
 -6480
 -6704
 -6661
 -6797
 -6595
 -6389
 -6170
 -6221
 -6204
 -6017
 -5630
 -5349
 -5107
 -4860
 -4403
 -3942
 -3340
 -2851
 -2341
 -2113
 -1871
 -1560
 -1016
 -533
 -108
 217
 611
 919
 1223
 1508
 1789
 2001
 2159
 2316
 2575
 2914
 3148
 3254
 3298
 3332
 3411
 3449
 3424
 3434
 3403
 3373
 3292
 3250
 3179
 2992
 2731
 2412
 2140
 1891
 1648
 1440
 1189
 917
 577
 264
 -87
 -405
 -741
 -1046
 -1305
 -1549
 -1620
 -1600
 -1786
 -2079
 -2341
 -2045
 -363
 1755
 3262
 2771
 481
 -138
 740
 3454
 4831
 3505
 1300
 -703
 -833
 611
 1512
 2052
 277
 -1620
 -3659
 -3840
 -2830
 -1777
 -2130
 -4292
 -6925
 -8020
 -7274
 -5202
 -4631
 -5494
 -7465
 -8128
 -7231
 -5366
 -3782
 -3200
 -3438
 -3840
 -3646
 -2379
 -472
 987
 1178
 437
 13
 883
 2626
 3989
 4372
 4011
 3883
 4325
 5167
 5935
 6397
 6299
 5963
 5599
 5714
 6337
 6898
 6877
 6271
 5748
 5861
 6269
 6431
 5973
 5395
 5048
 4995
 4961
 4759
 4491
 4011
 3428
 2822
 2473
 2388
 2154
 1631
 960
 379
 188
 -125
 -478
 -1139
 -1781
 -2389
 -2895
 -3191
 -3378
 -3806
 -4318
 -5001
 -5336
 -5532
 -5647
 -5859
 -6140
 -6327
 -6415
 -6412
 -6242
 -6096
 -5987
 -6066
 -6051
 -5859
 -5481
 -5069
 -4754
 -4475
 -4163
 -3786
 -3348
 -2912
 -2528
 -2226
 -1947
 -1607
 -1156
 -669
 -248
 30
 285
 543
 883
 1276
 1606
 1887
 2103
 2303
 2567
 2754
 2924
 2969
 2990
 3037
 3084
 3152
 3216
 3250
 3220
 3148
 3003
 2924
 2809
 2663
 2439
 2140
 1919
 1699
 1497
 1240
 892
 641
 294
 50
 -244
 -561
 -758
 -1009
 -1158
 -1407
 -1488
 -1547
 -1600
 -1709
 -1798
 -1362
 -238
 1563
 2744
 2676
 1140
 222
 747
 2405
 3603
 3101
 1474
 273
 -459
 336
 936
 1576
 849
 -833
 -2606
 -3306
 -2636
 -1620
 -1798
 -3251
 -5488
 -6544
 -6330
 -5077
 -4495
 -4992
 -6164
 -6857
 -6408
 -5230
 -3931
 -3166
 -3061
 -3323
 -3367
 -2551
 -965
 370
 800
 430
 273
 930
 2201
 3247
 3819
 3913
 4090
 4413
 5014
 5620
 6099
 6160
 5863
 5620
 5714
 6152
 6462
 6292
 5931
 5674
 5773
 5875
 5714
 5357
 4961
 4732
 4532
 4464
 4355
 4158
 3686
 3114
 2786
 2724
 2578
 2021
 1189
 539
 305
 175
 -142
 -707
 -1433
 -2124
 -2779
 -3144
 -3316
 -3595
 -4114
 -4811
 -5268
 -5456
 -5596
 -5821
 -6134
 -6440
 -6636
 -6623
 -6419
 -6113
 -5960
 -6015
 -6051
 -5892
 -5562
 -5205
 -4930
 -4624
 -4292
 -3876
 -3412
 -2908
 -2487
 -2226
 -2015
 -1701
 -1322
 -822
 -397
 -48
 311
 611
 960
 1330
 1614
 1851
 1936
 2116
 2371
 2676
 2924
 3058
 3118
 3152
 3156
 3237
 3233
 3264
 3182
 3114
 3043
 2958
 2867
 2703
 2442
 2214
 1908
 1750
 1525
 1291
 991
 692
 413
 188
 -53
 -342
 -648
 -937
 -1046
 -1175
 -1314
 -1454
 -1645
 -1598
 -1671
 -1734
 -1888
 -1866
 -1294
 22
 2001
 3050
 2812
 828
 166
 1157
 3122
 4192
 2928
 1134
 120
 -146
 1089
 1538
 2091
 1004
 -1050
 -2762
 -3214
 -1845
 -954
 -1632
 -3786
 -5994
 -6334
 -5607
 -4292
 -4231
 -5175
 -6170
 -6640
 -5770
 -4601
 -3197
 -2555
 -2817
 -3361
 -3214
 -1794
 -6
 828
 645
 209
 628
 1653
 2765
 3377
 3824
 4026
 4175
 4376
 4949
 5722
 6150
 5833
 5272
 5314
 5793
 6235
 6031
 5591
 5552
 5676
 5773
 5574
 5340
 5221
 4881
 4593
 4393
 4621
 4596
 3998
 3182
 2737
 2752
 2567
 1950
 1232
 638
 166
 -333
 -629
 -867
 -1377
 -2351
 -3208
 -3629
 -3761
 -3993
 -4554
 -5090
 -5536
 -5915
 -6127
 -6255
 -6287
 -6525
 -6789
 -6867
 -6619
 -6253
 -6066
 -5949
 -5868
 -5736
 -5545
 -5268
 -4828
 -4482
 -4139
 -3812
 -3333
 -2776
 -2355
 -1990
 -1700
 -1356
 -978
 -588
 -176
 196
 532
 858
 1198
 1504
 1759
 1955
 2106
 2269
 2493
 2754
 2969
 3046
 3071
 3139
 3131
 3126
 3126
 3109
 3145
 2897
 2778
 2646
 2507
 2448
 2146
 1925
 1721
 1395
 1249
 1032
 985
 723
 404
 13
 -193
 -401
 -476
 -527
 -629
 -839
 -1088
 -1301
 -1309
 -1365
 -1301
 -1447
 -1501
 -1662
 -1692
 -1148
 -197
 1195
 2044
 1806
 1079
 447
 1079
 1891
 2516
 2180
 1245
 532
 77
 396
 1036
 1240
 747
 -680
 -1600
 -1718
 -1271
 -1033
 -1628
 -2491
 -3459
 -4007
 -3952
 -3523
 -3161
 -3446
 -3986
 -4182
 -3820
 -3042
 -2498
 -2058
 -1862
 -1637
 -1280
 -680
 39
 570
 821
 1042
 1310
 1831
 2312
 2792
 3275
 3688
 4066
 4368
 4621
 4810
 4876
 4912
 4983
 5065
 5161
 5212
 5267
 5310
 5323
 5252
 5136
 4898
 4613
 4338
 4145
 3985
 3828
 3526
 3186
 2703
 2205
 1695
 1172
 658
 94
 -427
 -893
 -1377
 -1837
 -2341
 -2796
 -3251
 -3721
 -4101
 -4458
 -4805
 -5056
 -5315
 -5505
 -5692
 -5821
 -5919
 -5964
 -5930
 -5828
 -5677
 -5481
 -5302
 -5098
 -4882
 -4628
 -4343
 -4084
 -3778
 -3455
 -3051
 -2617
 -2226
 -1852
 -1552
 -1243
 -901
 -557
 -167
 141
 454
 692
 934
 1189
 1423
 1602
 1738
 1797
 1925
 2010
 2154
 2248
 2289
 2261
 2142
 2031
 1946
 1887
 1810
 1695
 1572
 1457
 1300
 1151
 1008
 885
 766
 545
 349
 175
 124
 86
 -2
 -142
 -374
 -682
 -901
 -1054
 -992
 -1063
 -1152
 -1356
 -1607
 -1649
 -1769
 -1539
 -1471
 -1437
 -1471
 -1535
 -1365
 -1071
 -876
 -659
 -724
 -557
 -540
 -316
 -133
 145
 362
 451
 566
 740
 1070
 1548
 1904
 2197
 2261
 2208
 2456
 2527
 2850
 2873
 2873
 2697
 2584
 2493
 2652
 2575
 2550
 2303
 2142
 1891
 1831
 1746
 1734
 1514
 1293
 987
 832
 664
 679
 454
 315
 33
 -129
 -172
 -206
 -218
 -265
 -393
 -329
 -342
 -223
 -189
 -278
 -363
 -516
 -584
 -510
 -529
 -489
 -574
 -574
 -529
 -478
 -405
 -346
 -346
 -329
 -291
 -146
 -48
 81
 94
 141
 200
 213
 298
 341
 383
 407
 387
 492
 539
 566
 553
 488
 515
 498
 492
 441
 339
 256
 90
 -19
 -108
 -214
 -320
 -506
 -646
 -784
 -918
 -1020
 -1203
 -1377
 -1600
 -1773
 -1869
 -1977
 -2041
 -2134
 -2211
 -2273
 -2341
 -2364
 -2389
 -2419
 -2443
 -2457
 -2457
 -2430
 -2321
 -2256
 -2168
 -2143
 -2134
 -2049
 -1994
 -1845
 -1700
 -1611
 -1522
 -1481
 -1433
 -1348
 -1328
 -1165
 -1037
 -876
 -733
 -699
 -635
 -605
 -493
 -274
 -163
 -78
 -44
 -27
 56
 203
 379
 481
 441
 437
 454
 519
 696
 883
 977
 977
 828
 832
 872
 1076
 1687
 1802
 1376
 849
 747
 1110
 1334
 1548
 1253
 1134
 1038
 1123
 1191
 1242
 1429
 1512
 1555
 1538
 1521
 1487
 1495
 1514
 1623
 1699
 1768
 1925
 2055
 2112
 2095
 1987
 1993
 1919
 1899
 1746
 1716
 1733
 1814
 1721
 1534
 1096
 811
 549
 505
 528
 566
 464
 288
 135
 -65
 -227
 -112
 1
 141
 -31
 -227
 -401
 -503
 -442
 -533
 -482
 -665
 -805
 -931
 -971
 -937
 -578
 424
 -44
 -775
 -1794
 -1539
 -935
 -388
 -597
 -1226
 -1552
 -1645
 -1488
 -1428
 -1437
 -1292
 -897
 -546
 -495
 -520
 -546
 -414
 -323
 -108
 132
 477
 798
 913
 804
 675
 532
 696
 926
 1208
 1279
 1219
 1127
 900
 740
 634
 668
 675
 587
 553
 441
 390
 243
 67
 -252
 -665
 -893
 -954
 -795
 -778
 -988
 -1246
 -1649
 -1926
 -2087
 -2087
 -2056
 -2151
 -2223
 -2277
 -2415
 -2596
 -2779
 -2923
 -2847
 -2704
 -2487
 -2307
 -2430
 -2466
 -2534
 -2477
 -2430
 -2470
 -2294
 -2107
 -1620
 -1297
 -1331
 -1196
 -1226
 -1020
 -816
 -699
 -357
 -214
 179
 339
 424
 370
 69
 285
 553
 838
 951
 1087
 1212
 1004
 1089
 1087
 1138
 1330
 1259
 1717
 1576
 1644
 1627
 1814
 2150
 1942
 2163
 1970
 1810
 1780
 1495
 1704
 1423
 1582
 1534
 1440
 1389
 1096
 1293
 1291
 1172
 1321
 1236
 1164
 943
 804
 875
 604
 647
 613
 743
 715
 719
 698
 685
 617
 808
 1168
 1296
 1079
 917
 851
 1076
 1130
 917
 740
 613
 692
 638
 566
 417
 254
 192
 179
 5
 -91
 -278
 -48
 30
 -51
 -108
 -119
 -197
 -371
 -482
 -425
 -520
 -588
 -754
 -818
 -771
 -795
 -758
 -799
 -784
 -954
 -969
 -975
 -995
 -867
 -767
 -748
 -754
 -690
 -591
 -635
 -597
 -710
 -699
 -506
 -350
 -261
 -99
 35
 94
 -2
 -40
 -19
 50
 60
 145
 239
 222
 18
 -129
 -119
 -85
 -31
 -2
 -34
 -108
 -240
 -401
 -767
 -978
 -1037
 -924
 -982
 -978
 -1118
 -1190
 -1396
 -1532
 -1692
 -1920
 -1990
 -1994
 -1658
 -1377
 -1186
 -1190
 -1382
 -1577
 -1583
 -1348
 -1343
 -1224
 -1043
 -1054
 -1088
 -1292
 -1335
 -1396
 -1277
 -1141
 -961
 -767
 -699
 -825
 -699
 -825
 -631
 -357
 -99
 169
 328
 519
 404
 706
 730
 702
 838
 985
 1019
 951
 1172
 1381
 1427
 1266
 1049
 1110
 1253
 1395
 1610
 1700
 1504
 1296
 1351
 1168
 1198
 1410
 1712
 1784
 1716
 1508
 1151
 1015
 1019
 964
 1174
 1389
 1389
 1225
 1042
 868
 621
 481
 247
 420
 672
 923
 1025
 987
 702
 526
 413
 417
 319
 375
 424
 298
 305
 90
 111
 -61
 -57
 -14
 -23
 26
 43
 84
 -48
 -206
 -244
 -472
 -391
 -235
 -119
 -85
 -312
 -516
 -778
 -850
 -801
 -669
 -346
 -170
 -44
 30
 18
 -34
 77
 196
 281
 273
 294
 52
 -176
 -316
 -469
 -635
 -748
 -825
 -920
 -897
 -782
 -733
 -782
 -703
 -580
 -371
 -265
 -57
 213
 234
 183
 73
 -78
 -374
 -546
 -510
 -333
 -306
 -554
 -805
 -1037
 -1162
 -1190
 -1118
 -992
 -897
 -716
 -567
 -540
 -544
 -537
 -618
 -699
 -833
 -825
 -716
 -571
 -510
 -550
 -673
 -969
 -1186
 -1213
 -1090
 -741
 -563
 -554
 -792
 -761
 -571
 -563
 -476
 -323
 -414
 -493
 -333
 -95
 -391
 -622
 -648
 -425
 -170
 -201
 -316
 -136
 39
 50
 -82
 -206
 -363
 -184
 426
 791
 883
 883
 732
 430
 324
 560
 798
 913
 747
 590
 545
 502
 494
 675
 838
 919
 787
 766
 753
 862
 1106
 1245
 1308
 1232
 1113
 1055
 1121
 1113
 1172
 1185
 951
 664
 485
 426
 624
 798
 849
 617
 607
 526
 441
 505
 681
 841
 875
 872
 675
 413
 426
 417
 404
 383
 264
 166
 39
 -95
 -323
 -455
 -510
 -493
 -421
 -374
 -574
 -529
 -452
 -563
 -452
 -146
 -36
 -142
 -19
 50
 -153
 -201
 -204
 -238
 -155
 -70
 -244
 -601
 -665
 -410
 -286
 -261
 -380
 -388
 -401
 -438
 -252
 -87
 -27
 -44
 -17
 -206
 -563
 -431
 -333
 -512
 -544
 -238
 -278
 -761
 -816
 -597
 -527
 -418
 -240
 -265
 -374
 -329
 -133
 -108
 -223
 -371
 -393
 -597
 -869
 -775
 -529
 -537
 -629
 -608
 -829
 -1071
 -1005
 -924
 -767
 -495
 -286
 -401
 -393
 -329
 -431
 -486
 -357
 -244
 -184
 -146
 -286
 -425
 -499
 -478
 -371
 -133
 -184
 -252
 -184
 -163
 -146
 -2
 35
 -68
 90
 426
 288
 120
 86
 120
 47
 35
 158
 217
 264
 322
 239
 171
 166
 417
 494
 264
 243
 390
 370
 271
 417
 477
 307
 205
 339
 373
 339
 464
 502
 200
 273
 353
 260
 26
 188
 358
 404
 311
 222
 247
 200
 175
 220
 234
 186
 260
 315
 135
 5
 298
 417
 220
 98
 213
 192
 94
 166
 281
 205
 239
 390
 339
 203
 188
 302
 322
 277
 375
 383
 171
 47
 69
 128
 86
 200
 332
 222
 77
 166
 222
 237
 256
 319
 220
 132
 158
 268
 217
 103
 107
 120
 -27
 -210
 -238
 -176
 -87
 1
 -6
 -108
 -176
 -116
 -74
 -167
 -244
 -221
 -187
 -282
 -376
 -299
 -340
 -459
 -367
 -244
 -452
 -550
 -346
 -316
 -427
 -359
 -320
 -605
 -652
 -438
 -476
 -529
 -476
 -410
 -544
 -669
 -676
 -663
 -537
 -438
 -374
 -235
 -306
 -367
 -323
 -354
 -367
 -291
 -240
 -289
 -323
 -291
 -357
 -337
 -278
 -405
 -486
 -482
 -325
 -184
 -74
 -14
 -44
 33
 50
 -31
 50
 226
 307
 345
 379
 277
 -48
 -116
 -36
 -17
 -36
 39
 107
 0
 -142
 -138
 -133
 -206
 -274
 -99
 1
 50
 179
 247
 162
 64
 64
 -17
 -112
 -102
 -2
 43
 5
 -34
 -119
 -146
 -99
 -70
 -51
 -112
 26
 171
 254
 152
 35
 33
 67
 162
 234
 243
 281
 247
 107
 -6
 -10
 52
 175
 339
 370
 288
 281
 328
 319
 396
 522
 566
 570
 545
 477
 392
 417
 471
 458
 417
 341
 324
 328
 332
 322
 285
 264
 186
 98
 77
 188
 277
 273
 192
 101
 16
 -104
 -170
 -108
 -2
 56
 60
 16
 -99
 -176
 -218
 -221
 -167
 -136
 -99
 -129
 -172
 -221
 -231
 -255
 -265
 -257
 -189
 -85
 -70
 -155
 -227
 -238
 -214
 -163
 -74
 -23
 -85
 -146
 -197
 -223
 -306
 -272
 -87
 0
 -53
 -95
 -102
 -221
 -223
 -70
 -36
 -138
 -146
 -121
 -163
 -204
 -214
 -238
 -261
 -289
 -235
 -206
 -159
 -99
 -23
 -48
 -155
 -129
 -91
 -155
 -129
 -74
 -159
 -316
 -354
 -350
 -408
 -388
 -342
 -325
 -316
 -371
 -388
 -323
 -299
 -303
 -227
 -172
 -255
 -201
 -129
 -159
 -265
 -248
 -227
 -274
 -235
 -201
 -227
 -223
 -201
 -189
 -210
 -223
 -189
 -146
 -108
 -146
 -189
 -146
 -85
 -51
 1
 13
 -6
 -34
 -36
 1
 13
 52
 158
 166
 132
 94
 94
 135
 152
 209
 220
 226
 188
 200
 192
 162
 200
 220
 188
 128
 137
 203
 205
 169
 141
 73
 22
 -2
 47
 60
 86
 111
 128
 124
 94
 124
 162
 179
 220
 271
 268
 247
 247
 234
 237
 239
 239
 217
 200
 149
 149
 145
 141
 141
 183
 188
 137
 149
 149
 162
 209
 264
 243
 166
 200
 217
 132
 77
 84
 69
 98
 120
 120
 90
 86
 101
 137
 162
 149
 137
 179
 149
 107
 77
 18
 -40
 -70
 -87
 -142
 -172
 -184
 -201
 -235
 -235
 -201
 -184
 -159
 -129
 -70
 -68
 -68
 -102
 -142
 -206
 -214
 -180
 -159
 -163
 -153
 -223
 -291
 -357
 -342
 -354
 -316
 -269
 -206
 -189
 -231
 -329
 -384
 -374
 -325
 -257
 -235
 -255
 -278
 -274
 -274
 -278
 -272
 -272
 -248
 -193
 -172
 -155
 -153
 -155
 -112
 -99
 -136
 -176
 -153
 -104
 -85
 -87
 -116
 -133
 -138
 -150
 -142
 -153
 -125
 -102
 -78
 -99
 -129
 -121
 -95
 -116
 -125
 -102
 -74
 -82
 -104
 -125
 -125
 -99
 -108
 -121
 -119
 -125
 -85
 -82
 -78
 -99
 -85
 -95
 -102
 -85
 -61
 -65
 -68
 -57
 -48
 -68
 -53
 -19
 13
 0
 -27
 -27
 -34
 -10
 30
 22
 22
 60
 98
 81
 73
 94
 124
 120
 118
 115
 118
 124
 152
 171
 162
 132
 101
 118
 103
 120
 137
 152
 149
 152
 152
 154
 169
 175
 196
 226
 226
 220
 209
 237
 220
 205
 209
 217
 183
 186
 188
 175
 149
 158
 169
 145
 135
 124
 107
 103
 77
 84
 90
 90
 103
 77
 50
 26
 5
 1
 -6
 0
 9
 13
 9
 13
 18
 9
 -17
 -27
 -19
 -6
 13
 30
 5
 -31
 -51
 -48
 -57
 -53
 -40
 -31
 -44
 -78
 -112
 -125
 -155
 -155
 -136
 -116
 -125
 -163
 -187
 -187
 -172
 -184
 -176
 -189
 -204
 -210
 -189
 -184
 -210
 -206
 -221
 -252
 -278
 -274
 -265
 -261
 -269
 -286
 -306
 -316
 -325
 -316
 -278
 -261
 -248
 -255
 -257
 -265
 -257
 -240
 -244
 -223
 -204
 -204
 -210
 -204
 -189
 -197
 -172
 -167
 -153
 -121
 -116
 -104
 -112
 -102
 -82
 -68
 -53
 -48
 -36
 -23
 -31
 -34
 -48
 -51
 -34
 -14
 -10
 -2
 -14
 -6
 0


